              precision    recall  f1-score   support

           0     0.9981    1.0000    0.9990     11462
           1     1.0000    0.6875    0.8148        16
           2     1.0000    0.4324    0.6038        37
           3     0.9972    1.0000    0.9986      2134
           4     1.0000    0.9976    0.9988       849
           5     0.0000    0.0000    0.0000         1
           6     0.0000    0.0000    0.0000         1

    accuracy                         0.9979     14500
   macro avg     0.7136    0.5882    0.6307     14500
weighted avg     0.9979    0.9979    0.9976     14500
