              precision    recall  f1-score   support

           0     0.9969    1.0000    0.9984     11148
           1     0.5000    0.3333    0.4000        12
           2     0.7857    0.3860    0.5176        57
           3     0.9973    0.9993    0.9983      2954
           4     0.9943    0.9962    0.9952      1044
           5     0.0000    0.0000    0.0000         4
           6     0.0000    0.0000    0.0000         6

    accuracy                         0.9961     15225
   macro avg     0.6106    0.5307    0.5585     15225
weighted avg     0.9949    0.9961    0.9953     15225
