              precision    recall  f1-score   support

           0     0.9783    0.8780    0.9254     25942
           1     0.8839    1.0000    0.9384       396
           2     0.0000    0.0000    0.0000      1451
           3     0.7709    0.9943    0.8685       176
           4     0.7632    0.0265    0.0512      1094
           5     0.5862    0.9444    0.7234       108
           6     0.1185    0.9041    0.2095       459
           7     0.1552    1.0000    0.2687       344
           8     0.2752    1.0000    0.4317        30

    accuracy                         0.8089     30000
   macro avg     0.5035    0.7497    0.4908     30000
weighted avg     0.8959    0.8089    0.8289     30000
