              precision    recall  f1-score   support

           0     0.9865    1.0000    0.9932     64122
           1     0.9856    0.9906    0.9881     54267
           2     0.9155    0.8121    0.8607      6030
           3     0.7995    0.8359    0.8173      2705
           4     0.6842    0.1598    0.2591       488
           5     0.9784    1.0000    0.9891       272
           6     0.5000    0.0245    0.0467       204
           7     0.3333    0.0294    0.0541        34
           8     0.0000    0.0000    0.0000         3
           9     0.0000    0.0000    0.0000         2

    accuracy                         0.9787    128127
   macro avg     0.6183    0.4852    0.5008    128127
weighted avg     0.9767    0.9787    0.9765    128127
