              precision    recall  f1-score   support

           0     0.9839    1.0000    0.9919      2930
           1     0.8500    0.7083    0.7727        24
           2     1.0000    0.4699    0.6393        83
           3     0.9983    0.9986    0.9984      4171
           4     0.9926    0.9960    0.9943      1484
           5     1.0000    0.6667    0.8000         3
           6     0.0000    0.0000    0.0000         5

    accuracy                         0.9921      8700
   macro avg     0.8321    0.6913    0.7424      8700
weighted avg     0.9915    0.9921    0.9908      8700
