              precision    recall  f1-score   support

           0     0.8808    0.9633    0.9202     25942
           1     0.6000    0.0076    0.0150       396
           2     1.0000    0.0007    0.0014      1451
           3     0.0000    0.0000    0.0000       176
           4     0.0000    0.0000    0.0000      1094
           5     0.0000    0.0000    0.0000       108
           6     0.2648    0.6710    0.3798       459
           7     0.7527    1.0000    0.8589       344
           8     0.0000    0.0000    0.0000        30

    accuracy                         0.8549     30000
   macro avg     0.3887    0.2936    0.2417     30000
weighted avg     0.8306    0.8549    0.8116     30000
