              precision    recall  f1-score   support

           0     0.7277    0.8082    0.7658     55899
           1     0.8536    0.8073    0.8298     90683
           2     0.6383    0.8493    0.7288      6171
           3     0.6000    0.3380    0.4324       142
           4     0.4671    0.3372    0.3916      1919
           5     0.7162    0.3802    0.4967      4579
           6     0.8572    0.7739    0.8134      5793

    accuracy                         0.7903    165186
   macro avg     0.6943    0.6134    0.6370    165186
weighted avg     0.7946    0.7903    0.7892    165186
