              precision    recall  f1-score   support

           0     0.9859    1.0000    0.9929      2930
           1     0.3182    0.5833    0.4118        24
           2     0.8750    0.3373    0.4870        83
           3     0.9926    0.9906    0.9916      4171
           4     0.9946    0.9980    0.9963      1484
           5     0.0000    0.0000    0.0000         3
           6     0.0000    0.0000    0.0000         5

    accuracy                         0.9868      8700
   macro avg     0.5952    0.5585    0.5542      8700
weighted avg     0.9868    0.9868    0.9855      8700
