              precision    recall  f1-score   support

           0     0.8954    0.9808    0.9362     25980
           1     0.5000    0.0024    0.0047       423
           2     0.0000    0.0000    0.0000      1407
           3     0.9811    0.3095    0.4706       168
           4     0.9843    0.1143    0.2048      1094
           5     0.8000    1.0000    0.8889       124
           6     0.5062    0.8545    0.6357       433
           7     0.7590    1.0000    0.8630       337
           8     0.8710    0.7941    0.8308        34

    accuracy                         0.8839     30000
   macro avg     0.6997    0.5617    0.5372     30000
weighted avg     0.8440    0.8839    0.8444     30000
