              precision    recall  f1-score   support

           0     0.7434    0.7767    0.7597     55899
           1     0.8392    0.8308    0.8350     90683
           2     0.6303    0.8533    0.7250      6171
           3     0.8611    0.2183    0.3483       142
           4     0.6082    0.3179    0.4175      1919
           5     0.7376    0.3112    0.4377      4579
           6     0.8216    0.8061    0.8138      5793

    accuracy                         0.7916    165186
   macro avg     0.7488    0.5878    0.6196    165186
weighted avg     0.7929    0.7916    0.7884    165186
