              precision    recall  f1-score   support

           0     0.8451    0.8141    0.8293     52563
           1     0.8468    0.8901    0.8679     71195
           2     0.8020    0.8447    0.8228      8923
           3     0.8820    0.5649    0.6887       701
           4     0.7393    0.4090    0.5266      2440
           5     0.6637    0.6013    0.6309      4286
           6     0.8649    0.7911    0.8263      5145

    accuracy                         0.8381    145253
   macro avg     0.8062    0.7022    0.7418    145253
weighted avg     0.8370    0.8381    0.8361    145253
