              precision    recall  f1-score   support

           0     0.7169    0.6349    0.6734     60481
           1     0.7335    0.8076    0.7688     72015
           2     0.8563    0.8142    0.8347      3359
           3     0.5074    0.8104    0.6241       211
           4     0.6142    0.4565    0.5237      1172
           5     0.7141    0.7475    0.7304      1497
           6     0.6357    0.6270    0.6313      6518

    accuracy                         0.7243    145253
   macro avg     0.6826    0.6997    0.6838    145253
weighted avg     0.7235    0.7243    0.7218    145253
