              precision    recall  f1-score   support

           0     0.9971    1.0000    0.9986     11148
           1     0.7000    0.5833    0.6364        12
           2     0.8485    0.4912    0.6222        57
           3     0.9980    0.9990    0.9985      2954
           4     0.9962    0.9962    0.9962      1044
           5     1.0000    0.2500    0.4000         4
           6     0.0000    0.0000    0.0000         6

    accuracy                         0.9967     15225
   macro avg     0.7914    0.6171    0.6645     15225
weighted avg     0.9961    0.9967    0.9961     15225
