              precision    recall  f1-score   support

           0     0.9244    0.9554    0.9396     25942
           1     0.7500    0.0076    0.0150       396
           2     0.0037    0.0007    0.0012      1451
           3     0.7395    1.0000    0.8502       176
           4     0.9990    0.9415    0.9694      1094
           5     1.0000    0.2407    0.3881       108
           6     0.3085    0.8562    0.4535       459
           7     0.9829    1.0000    0.9914       344
           8     0.0000    0.0000    0.0000        30

    accuracy                         0.8919     30000
   macro avg     0.6342    0.5558    0.5120     30000
weighted avg     0.8698    0.8919    0.8728     30000
