              precision    recall  f1-score   support

           0     0.9969    0.9998    0.9983     64122
           1     0.9995    1.0000    0.9997     54267
           2     0.9101    0.9685    0.9384      6030
           3     0.8507    0.7730    0.8100      2705
           4     1.0000    0.5779    0.7325       488
           5     0.9855    1.0000    0.9927       272
           6     0.0000    0.0000    0.0000       204
           7     0.0674    0.1765    0.0976        34
           8     1.0000    0.3333    0.5000         3
           9     0.0000    0.0000    0.0000         2

    accuracy                         0.9902    128127
   macro avg     0.6810    0.5829    0.6069    128127
weighted avg     0.9889    0.9902    0.9892    128127
