              precision    recall  f1-score   support

           0     0.9855    0.9910    0.9882     25980
           1     1.0000    1.0000    1.0000       423
           2     0.9560    0.9574    0.9567      1407
           3     1.0000    0.6012    0.7509       168
           4     0.9990    0.9360    0.9665      1094
           5     0.6813    1.0000    0.8105       124
           6     0.7077    0.6374    0.6707       433
           7     1.0000    1.0000    1.0000       337
           8     0.3333    0.0882    0.1395        34

    accuracy                         0.9793     30000
   macro avg     0.8514    0.8012    0.8092     30000
weighted avg     0.9790    0.9793    0.9786     30000
