              precision    recall  f1-score   support

           0     0.9380    0.9359    0.9369     25942
           1     1.0000    0.0076    0.0150       396
           2     0.9972    0.2426    0.3902      1451
           3     1.0000    0.6761    0.8068       176
           4     1.0000    0.5320    0.6945      1094
           5     0.6713    0.8889    0.7649       108
           6     0.2017    0.8584    0.3267       459
           7     0.3671    1.0000    0.5371       344
           8     1.0000    0.8000    0.8889        30

    accuracy                         0.8731     30000
   macro avg     0.7973    0.6602    0.5957     30000
weighted avg     0.9256    0.8731    0.8741     30000
