              precision    recall  f1-score   support

           0     0.9981    1.0000    0.9990     11462
           1     1.0000    0.8125    0.8966        16
           2     1.0000    0.4324    0.6038        37
           3     0.9981    1.0000    0.9991      2134
           4     1.0000    1.0000    1.0000       849
           5     0.0000    0.0000    0.0000         1
           6     0.0000    0.0000    0.0000         1

    accuracy                         0.9982     14500
   macro avg     0.7137    0.6064    0.6426     14500
weighted avg     0.9981    0.9982    0.9978     14500
