              precision    recall  f1-score   support

           0     0.9986    0.9945    0.9965     11386
           1     1.0000    1.0000    1.0000         9
           2     0.1304    0.6000    0.2143        20
           3     0.9996    0.9960    0.9978      2232
           4     1.0000    0.9870    0.9935       846
           5     1.0000    1.0000    1.0000         1
           6     0.0000    0.0000    0.0000         6

    accuracy                         0.9933     14500
   macro avg     0.7327    0.7968    0.7431     14500
weighted avg     0.9972    0.9933    0.9950     14500
