              precision    recall  f1-score   support

           0     0.8914    0.9876    0.9370     25980
           1     1.0000    0.0024    0.0047       423
           2     0.0000    0.0000    0.0000      1407
           3     0.5195    0.4762    0.4969       168
           4     0.0000    0.0000    0.0000      1094
           5     0.4080    0.4113    0.4096       124
           6     0.4856    0.6628    0.5605       433
           7     1.0000    1.0000    1.0000       337
           8     0.8571    0.1765    0.2927        34

    accuracy                         0.8807     30000
   macro avg     0.5735    0.4130    0.4113     30000
weighted avg     0.8098    0.8807    0.8357     30000
