              precision    recall  f1-score   support

           0     0.9986    0.9941    0.9963     11386
           1     1.0000    1.0000    1.0000         9
           2     0.1412    0.6000    0.2286        20
           3     0.9996    0.9964    0.9980      2232
           4     1.0000    0.9965    0.9982       846
           5     0.5000    1.0000    0.6667         1
           6     0.0000    0.0000    0.0000         6

    accuracy                         0.9937     14500
   macro avg     0.6628    0.7981    0.6983     14500
weighted avg     0.9972    0.9937    0.9952     14500
