              precision    recall  f1-score   support

           0     0.9826    0.9993    0.9909      2930
           1     0.6500    0.5417    0.5909        24
           2     1.0000    0.3012    0.4630        83
           3     0.9969    0.9993    0.9981      4171
           4     0.9913    0.9960    0.9936      1484
           5     0.6667    0.6667    0.6667         3
           6     0.0000    0.0000    0.0000         5

    accuracy                         0.9901      8700
   macro avg     0.7553    0.6434    0.6719      8700
weighted avg     0.9895    0.9901    0.9880      8700
