              precision    recall  f1-score   support

           0     0.9875    0.9996    0.9935     64181
           1     0.9642    0.9926    0.9782     54172
           2     0.8439    0.6377    0.7264      6111
           3     0.8206    0.7266    0.7708      2707
           4     0.1884    0.0265    0.0464       491
           5     0.9768    1.0000    0.9883       253
           6     0.4490    0.1272    0.1982       173
           7     1.0000    0.0286    0.0556        35
           8     0.0000    0.0000    0.0000         3
           9     0.0000    0.0000    0.0000         1

    accuracy                         0.9684    128127
   macro avg     0.6230    0.4539    0.4757    128127
weighted avg     0.9635    0.9684    0.9646    128127
