              precision    recall  f1-score   support

           0     0.9940    0.9535    0.9733     25942
           1     1.0000    1.0000    1.0000       396
           2     0.9965    0.9904    0.9934      1451
           3     1.0000    0.8693    0.9301       176
           4     0.9297    0.6042    0.7324      1094
           5     0.9383    0.7037    0.8042       108
           6     0.2836    0.8824    0.4293       459
           7     0.3810    1.0000    0.5517       344
           8     0.0000    0.0000    0.0000        30

    accuracy                         0.9403     30000
   macro avg     0.7248    0.7782    0.7127     30000
weighted avg     0.9728    0.9403    0.9509     30000
