              precision    recall  f1-score   support

           0     0.9926    0.9993    0.9959     64134
           1     0.9648    0.9992    0.9817     54229
           2     0.9078    0.6202    0.7370      6017
           3     0.7983    0.8598    0.8279      2725
           4     0.5000    0.0298    0.0562       504
           5     0.9897    1.0000    0.9948       288
           6     0.6667    0.0102    0.0201       196
           7     0.0000    0.0000    0.0000        31
           8     0.0000    0.0000    0.0000         2
           9     0.0000    0.0000    0.0000         1

    accuracy                         0.9729    128127
   macro avg     0.5820    0.4519    0.4614    128127
weighted avg     0.9700    0.9729    0.9687    128127
