              precision    recall  f1-score   support

           0     0.9976    0.9737    0.9855     64122
           1     0.9770    0.8853    0.9289     54267
           2     0.4469    0.9836    0.6146      6030
           3     0.8473    0.5068    0.6343      2705
           4     0.4317    0.6803    0.5282       488
           5     0.9037    1.0000    0.9494       272
           6     0.0000    0.0000    0.0000       204
           7     0.0000    0.0000    0.0000        34
           8     0.0000    0.0000    0.0000         3
           9     0.0000    0.0000    0.0000         2

    accuracy                         0.9240    128127
   macro avg     0.4604    0.5030    0.4641    128127
weighted avg     0.9556    0.9240    0.9330    128127
