              precision    recall  f1-score   support

           0     0.9869    0.9993    0.9930      2930
           1     1.0000    0.0833    0.1538        24
           2     0.8095    0.2048    0.3269        83
           3     0.9858    0.9978    0.9918      4171
           4     0.9926    0.9953    0.9939      1484
           5     0.0000    0.0000    0.0000         3
           6     0.0000    0.0000    0.0000         5

    accuracy                         0.9869      8700
   macro avg     0.6821    0.4687    0.4942      8700
weighted avg     0.9848    0.9869    0.9830      8700
