              precision    recall  f1-score   support

           0     0.9909    0.9895    0.9902     25980
           1     0.9134    0.9976    0.9537       423
           2     0.9503    0.9922    0.9708      1407
           3     0.9796    0.8571    0.9143       168
           4     0.9456    0.9059    0.9253      1094
           5     0.8378    1.0000    0.9118       124
           6     0.7833    0.7598    0.7714       433
           7     1.0000    1.0000    1.0000       337
           8     1.0000    0.7353    0.8475        34

    accuracy                         0.9825     30000
   macro avg     0.9334    0.9153    0.9205     30000
weighted avg     0.9826    0.9825    0.9824     30000
