              precision    recall  f1-score   support

           0     0.9945    0.9994    0.9970     64134
           1     0.9586    0.9986    0.9782     54229
           2     0.9107    0.5563    0.6907      6017
           3     0.8245    0.8774    0.8501      2725
           4     0.5679    0.2738    0.3695       504
           5     0.9896    0.9896    0.9896       288
           6     0.1458    0.0357    0.0574       196
           7     0.0303    0.0323    0.0312        31
           8     0.0000    0.0000    0.0000         2
           9     0.0000    0.0000    0.0000         1

    accuracy                         0.9710    128127
   macro avg     0.5422    0.4763    0.4964    128127
weighted avg     0.9685    0.9710    0.9673    128127
