              precision    recall  f1-score   support

           0     0.8880    0.9945    0.9382     25980
           1     0.5000    0.0024    0.0047       423
           2     0.0000    0.0000    0.0000      1407
           3     0.0270    0.0119    0.0165       168
           4     0.0000    0.0000    0.0000      1094
           5     0.7576    0.4032    0.5263       124
           6     0.6421    0.5843    0.6119       433
           7     1.0000    1.0000    1.0000       337
           8     1.0000    0.8235    0.9032        34

    accuracy                         0.8836     30000
   macro avg     0.5350    0.4244    0.4445     30000
weighted avg     0.8009    0.8836    0.8359     30000
