              precision    recall  f1-score   support

           0     0.9859    0.9997    0.9927      2930
           1     0.9167    0.4583    0.6111        24
           2     0.8095    0.4096    0.5440        83
           3     0.9969    0.9988    0.9978      4171
           4     0.9880    0.9960    0.9919      1484
           5     0.0000    0.0000    0.0000         3
           6     0.0000    0.0000    0.0000         5

    accuracy                         0.9906      8700
   macro avg     0.6710    0.5518    0.5911      8700
weighted avg     0.9887    0.9906    0.9888      8700
