              precision    recall  f1-score   support

           0     0.9869    1.0000    0.9934      2930
           1     0.8696    0.8333    0.8511        24
           2     1.0000    0.5181    0.6825        83
           3     0.9978    0.9986    0.9982      4171
           4     0.9946    0.9933    0.9939      1484
           5     0.2222    0.6667    0.3333         3
           6     0.0000    0.0000    0.0000         5

    accuracy                         0.9924      8700
   macro avg     0.7244    0.7157    0.6932      8700
weighted avg     0.9924    0.9924    0.9916      8700
