              precision    recall  f1-score   support

           0     0.9787    0.9543    0.9664     25942
           1     1.0000    1.0000    1.0000       396
           2     0.9972    0.7443    0.8524      1451
           3     1.0000    0.8977    0.9461       176
           4     0.9596    1.0000    0.9794      1094
           5     1.0000    0.3241    0.4895       108
           6     0.2757    0.8693    0.4187       459
           7     0.7908    1.0000    0.8832       344
           8     1.0000    0.3333    0.5000        30

    accuracy                         0.9424     30000
   macro avg     0.8891    0.7915    0.7817     30000
weighted avg     0.9665    0.9424    0.9501     30000
