              precision    recall  f1-score   support

           0     0.8220    0.8778    0.8490     52563
           1     0.8888    0.8513    0.8697     71195
           2     0.8348    0.8851    0.8592      8923
           3     0.8492    0.7147    0.7761       701
           4     0.6947    0.5951    0.6411      2440
           5     0.7336    0.6619    0.6959      4286
           6     0.9002    0.8604    0.8799      5145

    accuracy                         0.8528    145253
   macro avg     0.8176    0.7781    0.7958    145253
weighted avg     0.8537    0.8528    0.8525    145253
