              precision    recall  f1-score   support

           0     0.9948    0.9996    0.9972     64134
           1     0.9785    0.9991    0.9887     54229
           2     0.8930    0.7575    0.8197      6017
           3     0.8223    0.8033    0.8127      2725
           4     0.7155    0.3294    0.4511       504
           5     0.9897    0.9965    0.9931       288
           6     0.1538    0.0102    0.0191       196
           7     0.0000    0.0000    0.0000        31
           8     0.0000    0.0000    0.0000         2
           9     0.0000    0.0000    0.0000         1

    accuracy                         0.9794    128127
   macro avg     0.5548    0.4896    0.5082    128127
weighted avg     0.9768    0.9794    0.9774    128127
