              precision    recall  f1-score   support

           0     0.9887    0.9981    0.9934     25980
           1     0.9976    0.9976    0.9976       423
           2     0.9979    0.9929    0.9954      1407
           3     0.9762    0.9762    0.9762       168
           4     1.0000    0.9086    0.9521      1094
           5     0.9752    0.9516    0.9633       124
           6     0.8727    0.6490    0.7444       433
           7     1.0000    1.0000    1.0000       337
           8     1.0000    0.2059    0.3415        34

    accuracy                         0.9884     30000
   macro avg     0.9787    0.8533    0.8849     30000
weighted avg     0.9880    0.9884    0.9875     30000
