              precision    recall  f1-score   support

           0     0.9096    0.9955    0.9506     25980
           1     0.9976    0.9976    0.9976       423
           2     0.0000    0.0000    0.0000      1407
           3     0.9875    0.9405    0.9634       168
           4     1.0000    0.1207    0.2153      1094
           5     0.9237    0.9758    0.9490       124
           6     0.7166    0.6189    0.6642       433
           7     1.0000    1.0000    1.0000       337
           8     1.0000    0.2059    0.3415        34

    accuracy                         0.9102     30000
   macro avg     0.8372    0.6505    0.6757     30000
weighted avg     0.8703    0.9102    0.8756     30000
