              precision    recall  f1-score   support

           0     0.9983    1.0000    0.9991     11462
           1     1.0000    0.6875    0.8148        16
           2     1.0000    0.4865    0.6545        37
           3     0.9972    1.0000    0.9986      2134
           4     1.0000    1.0000    1.0000       849
           5     0.0000    0.0000    0.0000         1
           6     0.0000    0.0000    0.0000         1

    accuracy                         0.9982     14500
   macro avg     0.7136    0.5963    0.6382     14500
weighted avg     0.9981    0.9982    0.9979     14500
