              precision    recall  f1-score   support

           0     0.8669    0.8185    0.8420     60481
           1     0.8512    0.9084    0.8789     72015
           2     0.8530    0.8985    0.8752      3359
           3     0.8186    0.8341    0.8263       211
           4     0.7468    0.5512    0.6343      1172
           5     0.8183    0.6767    0.7408      1497
           6     0.9342    0.7803    0.8504      6518

    accuracy                         0.8596    145253
   macro avg     0.8413    0.7811    0.8068    145253
weighted avg     0.8603    0.8596    0.8587    145253
