              precision    recall  f1-score   support

           0     0.9915    0.9870    0.9893     25942
           1     0.9975    1.0000    0.9987       396
           2     0.9609    0.9986    0.9794      1451
           3     0.9773    0.4886    0.6515       176
           4     0.9588    0.9991    0.9785      1094
           5     0.9818    0.5000    0.6626       108
           6     0.7710    0.8802    0.8220       459
           7     0.7594    1.0000    0.8632       344
           8     0.9091    0.3333    0.4878        30

    accuracy                         0.9814     30000
   macro avg     0.9230    0.7985    0.8259     30000
weighted avg     0.9827    0.9814    0.9809     30000
