              precision    recall  f1-score   support

           0     0.9852    1.0000    0.9925      2930
           1     0.8750    0.2917    0.4375        24
           2     0.8182    0.4337    0.5669        83
           3     0.9967    0.9993    0.9980      4171
           4     0.9899    0.9946    0.9923      1484
           5     0.0000    0.0000    0.0000         3
           6     0.0000    0.0000    0.0000         5

    accuracy                         0.9905      8700
   macro avg     0.6664    0.5313    0.5696      8700
weighted avg     0.9887    0.9905    0.9886      8700
