              precision    recall  f1-score   support

           0     0.7385    0.8689    0.7984     20805
           1     0.6812    0.9212    0.7832     27410
           2     0.8240    0.7496    0.7851     16241
           3     0.7126    0.5810    0.6401      1229
           4     0.9562    0.1416    0.2467      4314
           5     0.6829    0.3480    0.4611      7988
           6     0.9932    0.5547    0.7118      9165

    accuracy                         0.7423     87152
   macro avg     0.7984    0.5950    0.6323     87152
weighted avg     0.7685    0.7423    0.7216     87152
