              precision    recall  f1-score   support

           0     0.9974    1.0000    0.9987     11148
           1     1.0000    0.9167    0.9565        12
           2     0.9211    0.6140    0.7368        57
           3     0.9986    0.9993    0.9990      2954
           4     0.9981    0.9962    0.9971      1044
           5     1.0000    0.2500    0.4000         4
           6     0.0000    0.0000    0.0000         6

    accuracy                         0.9975     15225
   macro avg     0.8450    0.6823    0.7269     15225
weighted avg     0.9970    0.9975    0.9971     15225
