              precision    recall  f1-score   support

           0     0.9859    1.0000    0.9929      2930
           1     0.3019    0.6667    0.4156        24
           2     0.9167    0.3976    0.5546        83
           3     0.9945    0.9890    0.9917      4171
           4     0.9946    0.9973    0.9960      1484
           5     0.0000    0.0000    0.0000         3
           6     0.0000    0.0000    0.0000         5

    accuracy                         0.9867      8700
   macro avg     0.5991    0.5786    0.5644      8700
weighted avg     0.9880    0.9867    0.9862      8700
