              precision    recall  f1-score   support

           0     0.7676    0.8196    0.7927     20805
           1     0.6620    0.9441    0.7783     27410
           2     0.7783    0.8082    0.7930     16241
           3     0.7254    0.6469    0.6839      1229
           4     0.8690    0.0508    0.0959      4314
           5     0.7866    0.2201    0.3439      7988
           6     0.9943    0.5857    0.7372      9165

    accuracy                         0.7366     87152
   macro avg     0.7976    0.5822    0.6036     87152
weighted avg     0.7664    0.7366    0.7052     87152
