              precision    recall  f1-score   support

           0     0.9888    0.9401    0.9638     25977
           1     0.9975    1.0000    0.9987       394
           2     0.9984    0.8985    0.9458      1428
           3     1.0000    0.9290    0.9632       183
           4     0.9609    0.9973    0.9787      1108
           5     1.0000    0.2581    0.4103        93
           6     0.2274    0.9027    0.3633       483
           7     0.9164    1.0000    0.9564       307
           8     0.9600    0.8889    0.9231        27

    accuracy                         0.9388     30000
   macro avg     0.8944    0.8683    0.8337     30000
weighted avg     0.9754    0.9388    0.9525     30000
