              precision    recall  f1-score   support

           0     0.9986    0.9939    0.9962     11386
           1     1.0000    1.0000    1.0000         9
           2     0.1224    0.6000    0.2034        20
           3     0.9996    0.9964    0.9980      2232
           4     1.0000    0.9870    0.9935       846
           5     1.0000    1.0000    1.0000         1
           6     0.0000    0.0000    0.0000         6

    accuracy                         0.9929     14500
   macro avg     0.7315    0.7968    0.7416     14500
weighted avg     0.9972    0.9929    0.9948     14500
