              precision    recall  f1-score   support

           0     0.9186    0.8365    0.8756     25942
           1     0.0000    0.0000    0.0000       396
           2     0.0000    0.0000    0.0000      1451
           3     0.1329    0.9773    0.2340       176
           4     0.0800    0.0018    0.0036      1094
           5     0.6369    0.9259    0.7547       108
           6     0.1109    0.8998    0.1975       459
           7     0.3042    1.0000    0.4664       344
           8     0.0000    0.0000    0.0000        30

    accuracy                         0.7577     30000
   macro avg     0.2426    0.5157    0.2813     30000
weighted avg     0.8055    0.7577    0.7698     30000
