              precision    recall  f1-score   support

           0     0.9845    1.0000    0.9922      2930
           1     1.0000    0.3333    0.5000        24
           2     0.8810    0.4458    0.5920        83
           3     0.9971    0.9990    0.9981      4171
           4     0.9886    0.9953    0.9919      1484
           5     0.0000    0.0000    0.0000         3
           6     0.0000    0.0000    0.0000         5

    accuracy                         0.9907      8700
   macro avg     0.6930    0.5391    0.5820      8700
weighted avg     0.9894    0.9907    0.9889      8700
