              precision    recall  f1-score   support

           0     0.9205    0.8528    0.8854     25957
           1     0.2000    0.0050    0.0098       397
           2     0.0000    0.0000    0.0000      1447
           3     0.5423    0.9558    0.6920       181
           4     0.4224    0.1863    0.2586      1052
           5     0.2556    0.9268    0.4007       123
           6     0.1547    0.8962    0.2639       472
           7     0.1736    1.0000    0.2958       342
           8     0.0000    0.0000    0.0000        29

    accuracy                         0.7795     30000
   macro avg     0.2966    0.5359    0.3118     30000
weighted avg     0.8226    0.7795    0.7886     30000
