              precision    recall  f1-score   support

           0     0.9251    0.9953    0.9589     25980
           1     0.9976    1.0000    0.9988       423
           2     0.9981    0.3660    0.5356      1407
           3     1.0000    1.0000    1.0000       168
           4     1.0000    0.0229    0.0447      1094
           5     1.0000    1.0000    1.0000       124
           6     0.7373    0.7714    0.7540       433
           7     1.0000    1.0000    1.0000       337
           8     0.5000    0.0588    0.1053        34

    accuracy                         0.9262     30000
   macro avg     0.9065    0.6905    0.7108     30000
weighted avg     0.9307    0.9262    0.9032     30000
