              precision    recall  f1-score   support

           0     0.9537    0.9194    0.9362     25942
           1     1.0000    0.0177    0.0347       396
           2     0.0476    0.0007    0.0014      1451
           3     0.7366    0.9375    0.8250       176
           4     0.9435    0.3967    0.5586      1094
           5     0.5517    0.8889    0.6809       108
           6     0.1881    0.8780    0.3099       459
           7     0.4038    1.0000    0.5753       344
           8     0.0270    1.0000    0.0526        30

    accuracy                         0.8444     30000
   macro avg     0.5391    0.6710    0.4416     30000
weighted avg     0.8884    0.8444    0.8491     30000
