              precision    recall  f1-score   support

           0     0.8810    0.9429    0.9109     25942
           1     1.0000    0.0076    0.0150       396
           2     1.0000    0.0007    0.0014      1451
           3     0.4255    0.2273    0.2963       176
           4     0.0000    0.0000    0.0000      1094
           5     0.5000    0.0093    0.0182       108
           6     0.2325    0.6013    0.3354       459
           7     0.3711    0.9622    0.5356       344
           8     0.4912    0.9333    0.6437        30

    accuracy                         0.8380     30000
   macro avg     0.5446    0.4094    0.3063     30000
weighted avg     0.8360    0.8380    0.8017     30000
