              precision    recall  f1-score   support

           0     0.9964    0.8556    0.9207     25942
           1     0.3333    0.0025    0.0050       396
           2     0.7561    0.9979    0.8604      1451
           3     0.8228    0.3693    0.5098       176
           4     0.0000    0.0000    0.0000      1094
           5     0.4545    0.8796    0.5994       108
           6     0.1014    0.9129    0.1825       459
           7     0.2590    1.0000    0.4115       344
           8     0.2200    0.3667    0.2750        30

    accuracy                         0.8193     30000
   macro avg     0.4382    0.5983    0.4182     30000
weighted avg     0.9138    0.8193    0.8507     30000
