              precision    recall  f1-score   support

           0     0.8183    0.8906    0.8529     52563
           1     0.8987    0.8472    0.8722     71195
           2     0.8412    0.8818    0.8610      8923
           3     0.8378    0.7076    0.7672       701
           4     0.6685    0.6033    0.6342      2440
           5     0.7563    0.6813    0.7168      4286
           6     0.9020    0.8641    0.8827      5145

    accuracy                         0.8559    145253
   macro avg     0.8175    0.7823    0.7981    145253
weighted avg     0.8578    0.8559    0.8558    145253
