              precision    recall  f1-score   support

           0     0.9970    1.0000    0.9985     11148
           1     0.5714    0.3333    0.4211        12
           2     0.8065    0.4386    0.5682        57
           3     0.9963    0.9993    0.9978      2954
           4     0.9942    0.9933    0.9938      1044
           5     0.0000    0.0000    0.0000         4
           6     0.0000    0.0000    0.0000         6

    accuracy                         0.9961     15225
   macro avg     0.6236    0.5378    0.5685     15225
weighted avg     0.9950    0.9961    0.9953     15225
