              precision    recall  f1-score   support

           0     0.9809    1.0000    0.9904      2930
           1     0.0000    0.0000    0.0000        24
           2     0.7000    0.2530    0.3717        83
           3     0.9888    0.9954    0.9921      4171
           4     0.9939    0.9933    0.9936      1484
           5     0.0000    0.0000    0.0000         3
           6     0.0000    0.0000    0.0000         5

    accuracy                         0.9859      8700
   macro avg     0.5234    0.4631    0.4783      8700
weighted avg     0.9806    0.9859    0.9822      8700
