              precision    recall  f1-score   support

           0     0.9217    0.8955    0.9084     25942
           1     0.0000    0.0000    0.0000       396
           2     0.0000    0.0000    0.0000      1451
           3     0.6667    0.2841    0.3984       176
           4     0.6129    0.5484    0.5789      1094
           5     0.7687    0.9537    0.8512       108
           6     0.1470    0.8671    0.2514       459
           7     0.3896    1.0000    0.5607       344
           8     0.0000    0.0000    0.0000        30

    accuracy                         0.8242     30000
   macro avg     0.3896    0.5054    0.3943     30000
weighted avg     0.8328    0.8242    0.8223     30000
