              precision    recall  f1-score   support

           0     0.9298    0.9733    0.9510     25942
           1     1.0000    0.0076    0.0150       396
           2     0.0000    0.0000    0.0000      1451
           3     0.7219    0.6932    0.7072       176
           4     0.8144    0.9707    0.8857      1094
           5     0.5611    0.9352    0.7014       108
           6     0.5479    0.8715    0.6728       459
           7     0.8473    1.0000    0.9173       344
           8     0.5769    1.0000    0.7317        30

    accuracy                         0.9104     30000
   macro avg     0.6666    0.7168    0.6203     30000
weighted avg     0.8718    0.9104    0.8831     30000
