              precision    recall  f1-score   support

           0     0.9889    0.9993    0.9941      2930
           1     1.0000    1.0000    1.0000        24
           2     0.9808    0.6145    0.7556        83
           3     0.9990    0.9990    0.9990      4171
           4     0.9953    0.9980    0.9966      1484
           5     0.5000    0.6667    0.5714         3
           6     0.0000    0.0000    0.0000         5

    accuracy                         0.9946      8700
   macro avg     0.7806    0.7539    0.7595      8700
weighted avg     0.9941    0.9946    0.9939      8700
