              precision    recall  f1-score   support

           0     0.9499    0.9363    0.9430     25942
           1     1.0000    1.0000    1.0000       396
           2     0.0000    0.0000    0.0000      1451
           3     0.9667    0.9886    0.9775       176
           4     0.9991    0.9991    0.9991      1094
           5     0.9900    0.9167    0.9519       108
           6     0.1387    0.5730    0.2234       459
           7     0.9914    1.0000    0.9957       344
           8     0.0721    1.0000    0.1345        30

    accuracy                         0.8896     30000
   macro avg     0.6786    0.8237    0.6917     30000
weighted avg     0.8938    0.8896    0.8892     30000
