              precision    recall  f1-score   support

           0     0.8041    0.8971    0.8480     52563
           1     0.9002    0.8344    0.8661     71195
           2     0.8469    0.8646    0.8557      8923
           3     0.8777    0.6862    0.7702       701
           4     0.7220    0.5865    0.6472      2440
           5     0.7236    0.7172    0.7204      4286
           6     0.9096    0.8354    0.8709      5145

    accuracy                         0.8507    145253
   macro avg     0.8263    0.7745    0.7969    145253
weighted avg     0.8541    0.8507    0.8506    145253
