              precision    recall  f1-score   support

           0     0.9719    0.8418    0.9022     25942
           1     0.2847    1.0000    0.4432       396
           2     0.0000    0.0000    0.0000      1451
           3     0.8932    0.5227    0.6595       176
           4     0.0000    0.0000    0.0000      1094
           5     0.7805    0.8889    0.8312       108
           6     0.1007    0.9194    0.1815       459
           7     0.2070    1.0000    0.3430       344
           8     0.0000    0.0000    0.0000        30

    accuracy                         0.7730     30000
   macro avg     0.3598    0.5748    0.3734     30000
weighted avg     0.8562    0.7730    0.7996     30000
