              precision    recall  f1-score   support

           0     0.9452    0.9334    0.9392     25942
           1     1.0000    1.0000    1.0000       396
           2     0.0000    0.0000    0.0000      1451
           3     0.0000    0.0000    0.0000       176
           4     0.0000    0.0000    0.0000      1094
           5     1.0000    0.0093    0.0183       108
           6     0.1522    0.9172    0.2610       459
           7     0.0040    0.0029    0.0034       344
           8     0.0311    1.0000    0.0602        30

    accuracy                         0.8354     30000
   macro avg     0.3480    0.4292    0.2536     30000
weighted avg     0.8365    0.8354    0.8295     30000
