              precision    recall  f1-score   support

           0     0.9953    0.8809    0.9346     25942
           1     0.1053    0.0051    0.0096       396
           2     0.7426    0.9979    0.8515      1451
           3     0.9463    0.8011    0.8677       176
           4     0.0000    0.0000    0.0000      1094
           5     0.7121    0.8704    0.7833       108
           6     0.1250    0.8954    0.2193       459
           7     0.2477    1.0000    0.3970       344
           8     0.0000    0.0000    0.0000        30

    accuracy                         0.8431     30000
   macro avg     0.4305    0.6056    0.4515     30000
weighted avg     0.9109    0.8431    0.8653     30000
