              precision    recall  f1-score   support

           0     0.9911    0.9899    0.9905     25980
           1     0.9906    0.9953    0.9929       423
           2     0.9385    0.9986    0.9676      1407
           3     0.9529    0.9643    0.9586       168
           4     0.9622    0.8382    0.8959      1094
           5     0.9832    0.9435    0.9630       124
           6     0.7209    0.9007    0.8008       433
           7     1.0000    1.0000    1.0000       337
           8     0.6364    0.2059    0.3111        34

    accuracy                         0.9824     30000
   macro avg     0.9084    0.8707    0.8756     30000
weighted avg     0.9832    0.9824    0.9823     30000
