              precision    recall  f1-score   support

           0     0.9397    0.9340    0.9369     25942
           1     1.0000    0.0025    0.0050       396
           2     0.9829    0.9890    0.9859      1451
           3     0.7614    0.8523    0.8043       176
           4     0.0220    0.0018    0.0034      1094
           5     0.7597    0.9074    0.8270       108
           6     0.2201    0.8780    0.3520       459
           7     0.7257    1.0000    0.8411       344
           8     0.7500    0.8000    0.7742        30

    accuracy                         0.8896     30000
   macro avg     0.6846    0.7072    0.6144     30000
weighted avg     0.8938    0.8896    0.8815     30000
