              precision    recall  f1-score   support

           0     0.9949    0.9446    0.9691     25942
           1     1.0000    1.0000    1.0000       396
           2     0.9993    0.9986    0.9990      1451
           3     0.9922    0.7216    0.8355       176
           4     0.9954    0.9991    0.9973      1094
           5     0.7339    0.8426    0.7845       108
           6     0.2278    0.8758    0.3615       459
           7     0.8982    1.0000    0.9464       344
           8     0.8846    0.7667    0.8214        30

    accuracy                         0.9476     30000
   macro avg     0.8585    0.9054    0.8572     30000
weighted avg     0.9813    0.9476    0.9608     30000
