              precision    recall  f1-score   support

           0     0.8066    0.8967    0.8493     52563
           1     0.9024    0.8317    0.8656     71195
           2     0.8488    0.8735    0.8610      8923
           3     0.8595    0.7418    0.7963       701
           4     0.6956    0.6086    0.6492      2440
           5     0.7382    0.7245    0.7313      4286
           6     0.8838    0.8725    0.8781      5145

    accuracy                         0.8519    145253
   macro avg     0.8193    0.7927    0.8044    145253
weighted avg     0.8553    0.8519    0.8519    145253
