              precision    recall  f1-score   support

           0     0.8088    0.8289    0.8187     55899
           1     0.8681    0.8835    0.8757     90683
           2     0.8351    0.7182    0.7723      6171
           3     0.5476    0.4859    0.5149       142
           4     0.7693    0.3007    0.4324      1919
           5     0.7282    0.6412    0.6819      4579
           6     0.8980    0.8345    0.8651      5793

    accuracy                         0.8433    165186
   macro avg     0.7793    0.6704    0.7087    165186
weighted avg     0.8425    0.8433    0.8414    165186
