              precision    recall  f1-score   support

           0     0.9179    0.8247    0.8688     25977
           1     0.3750    0.0076    0.0149       394
           2     0.0000    0.0000    0.0000      1428
           3     0.7020    0.9399    0.8037       183
           4     0.0000    0.0000    0.0000      1108
           5     0.2432    0.9570    0.3878        93
           6     0.0908    0.9151    0.1652       483
           7     0.2763    1.0000    0.4330       307
           8     0.0000    0.0000    0.0000        27

    accuracy                         0.7479     30000
   macro avg     0.2895    0.5160    0.2971     30000
weighted avg     0.8091    0.7479    0.7657     30000
