              precision    recall  f1-score   support

           0     0.9349    0.9619    0.9482     25980
           1     1.0000    0.0024    0.0047       423
           2     0.0000    0.0000    0.0000      1407
           3     0.4852    0.4881    0.4866       168
           4     1.0000    0.9954    0.9977      1094
           5     0.6324    0.6935    0.6615       124
           6     0.1942    0.6952    0.3036       433
           7     1.0000    0.9674    0.9834       337
           8     0.0000    0.0000    0.0000        34

    accuracy                         0.8958     30000
   macro avg     0.5830    0.5338    0.4873     30000
weighted avg     0.8796    0.8958    0.8785     30000
