              precision    recall  f1-score   support

           0     0.9975    1.0000    0.9987     11148
           1     0.5833    0.5833    0.5833        12
           2     0.8750    0.4912    0.6292        57
           3     0.9980    0.9986    0.9983      2954
           4     0.9952    0.9962    0.9957      1044
           5     1.0000    0.2500    0.4000         4
           6     0.3333    0.1667    0.2222         6

    accuracy                         0.9967     15225
   macro avg     0.8260    0.6409    0.6896     15225
weighted avg     0.9964    0.9967    0.9963     15225
