              precision    recall  f1-score   support

           0     0.9959    0.9981    0.9970     64122
           1     0.9960    0.9990    0.9975     54267
           2     0.9721    0.8907    0.9296      6030
           3     0.7624    0.9575    0.8489      2705
           4     0.9860    0.4324    0.6011       488
           5     0.9128    1.0000    0.9544       272
           6     0.0000    0.0000    0.0000       204
           7     1.0000    0.0294    0.0571        34
           8     0.0000    0.0000    0.0000         3
           9     0.0000    0.0000    0.0000         2

    accuracy                         0.9885    128127
   macro avg     0.6625    0.5307    0.5386    128127
weighted avg     0.9881    0.9885    0.9874    128127
