              precision    recall  f1-score   support

           0     0.9334    0.9877    0.9598     25980
           1     0.9929    0.9976    0.9953       423
           2     0.0000    0.0000    0.0000      1407
           3     1.0000    0.4702    0.6397       168
           4     0.9989    0.8080    0.8934      1094
           5     0.7284    0.9516    0.8252       124
           6     0.6609    0.7067    0.6830       433
           7     0.7247    1.0000    0.8404       337
           8     0.9355    0.8529    0.8923        34

    accuracy                         0.9278     30000
   macro avg     0.7750    0.7528    0.7477     30000
weighted avg     0.8861    0.9278    0.9051     30000
