              precision    recall  f1-score   support

           0     0.5634    0.8497    0.6776     60481
           1     0.7984    0.4754    0.5960     72015
           2     0.7886    0.8494    0.8178      3359
           3     0.7490    0.8910    0.8139       211
           4     0.8318    0.3754    0.5173      1172
           5     0.7730    0.7575    0.7652      1497
           6     0.5468    0.4440    0.4901      6518

    accuracy                         0.6412    145253
   macro avg     0.7216    0.6632    0.6683    145253
weighted avg     0.6890    0.6412    0.6318    145253
