              precision    recall  f1-score   support

           0     0.9865    1.0000    0.9932      2930
           1     0.8696    0.8333    0.8511        24
           2     0.9167    0.5301    0.6718        83
           3     0.9988    0.9981    0.9984      4171
           4     0.9933    0.9960    0.9946      1484
           5     0.0000    0.0000    0.0000         3
           6     0.0000    0.0000    0.0000         5

    accuracy                         0.9925      8700
   macro avg     0.6807    0.6225    0.6442      8700
weighted avg     0.9917    0.9925    0.9916      8700
