              precision    recall  f1-score   support

           0     0.9875    1.0000    0.9937      2930
           1     0.7692    0.8333    0.8000        24
           2     0.9545    0.5060    0.6614        83
           3     0.9976    0.9974    0.9975      4171
           4     0.9906    0.9966    0.9936      1484
           5     0.0000    0.0000    0.0000         3
           6     0.0000    0.0000    0.0000         5

    accuracy                         0.9921      8700
   macro avg     0.6714    0.6191    0.6352      8700
weighted avg     0.9911    0.9921    0.9909      8700
