              precision    recall  f1-score   support

           0     0.9927    1.0000    0.9963     64134
           1     0.9748    0.9998    0.9871     54229
           2     0.8873    0.7421    0.8082      6017
           3     0.8478    0.7930    0.8195      2725
           4     0.9500    0.0377    0.0725       504
           5     0.9863    0.9965    0.9914       288
           6     1.0000    0.0102    0.0202       196
           7     0.0000    0.0000    0.0000        31
           8     0.0000    0.0000    0.0000         2
           9     0.0000    0.0000    0.0000         1

    accuracy                         0.9778    128127
   macro avg     0.6639    0.4579    0.4695    128127
weighted avg     0.9767    0.9778    0.9744    128127
