              precision    recall  f1-score   support

           0     0.7838    0.8165    0.7998     20805
           1     0.6508    0.9469    0.7714     27410
           2     0.7785    0.7916    0.7850     16241
           3     0.7091    0.6623    0.6849      1229
           4     0.9767    0.0389    0.0749      4314
           5     0.7916    0.1978    0.3165      7988
           6     0.9920    0.6244    0.7664      9165

    accuracy                         0.7353     87152
   macro avg     0.8118    0.5826    0.5999     87152
weighted avg     0.7721    0.7353    0.7028     87152
