              precision    recall  f1-score   support

           0     0.7045    0.7421    0.7228     60481
           1     0.7852    0.7598    0.7723     72015
           2     0.8462    0.8416    0.8439      3359
           3     0.7564    0.8389    0.7955       211
           4     0.6992    0.3788    0.4914      1172
           5     0.7671    0.7261    0.7461      1497
           6     0.7094    0.6784    0.6936      6518

    accuracy                         0.7474    145253
   macro avg     0.7526    0.7094    0.7236    145253
weighted avg     0.7487    0.7474    0.7473    145253
