              precision    recall  f1-score   support

           0     0.9986    0.9673    0.9827     11386
           1     0.8182    1.0000    0.9000         9
           2     0.0300    0.6000    0.0571        20
           3     0.9996    0.9955    0.9975      2232
           4     0.9988    0.9858    0.9923       846
           5     1.0000    1.0000    1.0000         1
           6     0.0000    0.0000    0.0000         6

    accuracy                         0.9719     14500
   macro avg     0.6922    0.7927    0.7042     14500
weighted avg     0.9969    0.9719    0.9838     14500
