              precision    recall  f1-score   support

           0     0.9915    0.9956    0.9935     64181
           1     0.8533    0.9990    0.9204     54172
           2     0.1742    0.0038    0.0074      6111
           3     0.3333    0.0137    0.0263      2707
           4     1.0000    0.0020    0.0041       491
           5     0.0000    0.0000    0.0000       253
           6     0.0000    0.0000    0.0000       173
           7     0.0000    0.0000    0.0000        35
           8     0.0000    0.0000    0.0000         3
           9     0.0000    0.0000    0.0000         1

    accuracy                         0.9216    128127
   macro avg     0.3352    0.2014    0.1952    128127
weighted avg     0.8766    0.9216    0.8877    128127
