              precision    recall  f1-score   support

           0     0.9772    0.9359    0.9561     25942
           1     0.2886    1.0000    0.4480       396
           2     1.0000    0.0007    0.0014      1451
           3     0.9770    0.9659    0.9714       176
           4     0.9991    0.9982    0.9986      1094
           5     0.9231    0.8889    0.9057       108
           6     0.2164    0.9325    0.3513       459
           7     0.8982    1.0000    0.9464       344
           8     0.5918    0.9667    0.7342        30

    accuracy                         0.8945     30000
   macro avg     0.7635    0.8543    0.7014     30000
weighted avg     0.9569    0.8945    0.8951     30000
