              precision    recall  f1-score   support

           0     0.8966    0.7899    0.8399     52563
           1     0.8434    0.9209    0.8804     71195
           2     0.8219    0.8790    0.8495      8923
           3     0.7958    0.8174    0.8065       701
           4     0.7494    0.5111    0.6077      2440
           5     0.7005    0.6624    0.6809      4286
           6     0.8813    0.8962    0.8887      5145

    accuracy                         0.8550    145253
   macro avg     0.8127    0.7824    0.7934    145253
weighted avg     0.8566    0.8550    0.8533    145253
