              precision    recall  f1-score   support

           0     0.9971    0.9985    0.9978     64122
           1     0.9970    0.9998    0.9984     54267
           2     0.9628    0.9345    0.9484      6030
           3     0.8082    0.9065    0.8545      2705
           4     1.0000    0.5164    0.6811       488
           5     0.9783    0.9963    0.9872       272
           6     0.5000    0.0049    0.0097       204
           7     0.0411    0.0882    0.0561        34
           8     1.0000    0.3333    0.5000         3
           9     0.0000    0.0000    0.0000         2

    accuracy                         0.9904    128127
   macro avg     0.7284    0.5779    0.6033    128127
weighted avg     0.9904    0.9904    0.9896    128127
