              precision    recall  f1-score   support

           0     0.8656    0.9945    0.9256     64181
           1     0.8890    0.8216    0.8540     54172
           2     0.5487    0.2572    0.3503      6111
           3     0.8595    0.3299    0.4768      2707
           4     0.0345    0.0102    0.0157       491
           5     0.9844    1.0000    0.9922       253
           6     0.2000    0.0173    0.0319       173
           7     0.0000    0.0000    0.0000        35
           8     0.0000    0.0000    0.0000         3
           9     0.0000    0.0000    0.0000         1

    accuracy                         0.8668    128127
   macro avg     0.4382    0.3431    0.3646    128127
weighted avg     0.8561    0.8668    0.8535    128127
