              precision    recall  f1-score   support

           0     0.9929    0.9998    0.9963     64134
           1     0.9905    0.9995    0.9950     54229
           2     0.8803    0.8888    0.8846      6017
           3     0.8405    0.7369    0.7853      2725
           4     0.8305    0.0972    0.1741       504
           5     0.9695    0.9931    0.9811       288
           6     0.7500    0.0459    0.0865       196
           7     1.0000    0.0323    0.0625        31
           8     0.0000    0.0000    0.0000         2
           9     0.0000    0.0000    0.0000         1

    accuracy                         0.9835    128127
   macro avg     0.7254    0.4793    0.4965    128127
weighted avg     0.9823    0.9835    0.9811    128127
