              precision    recall  f1-score   support

           0     0.9911    0.9993    0.9952     64181
           1     0.9622    0.9934    0.9775     54172
           2     0.7296    0.6433    0.6837      6111
           3     0.8216    0.4799    0.6059      2707
           4     0.3893    0.1935    0.2585       491
           5     0.9806    1.0000    0.9902       253
           6     0.2500    0.0289    0.0518       173
           7     1.0000    0.0286    0.0556        35
           8     0.0000    0.0000    0.0000         3
           9     0.0000    0.0000    0.0000         1

    accuracy                         0.9641    128127
   macro avg     0.6124    0.4367    0.4618    128127
weighted avg     0.9595    0.9641    0.9602    128127
