              precision    recall  f1-score   support

           0     0.9849    1.0000    0.9924      2930
           1     1.0000    0.7083    0.8293        24
           2     0.9730    0.4337    0.6000        83
           3     0.9976    0.9995    0.9986      4171
           4     0.9919    0.9960    0.9939      1484
           5     1.0000    0.6667    0.8000         3
           6     0.0000    0.0000    0.0000         5

    accuracy                         0.9922      8700
   macro avg     0.8496    0.6863    0.7449      8700
weighted avg     0.9916    0.9922    0.9908      8700
