              precision    recall  f1-score   support

           0     0.7598    0.8348    0.7956     20805
           1     0.6483    0.9358    0.7659     27410
           2     0.7733    0.7701    0.7717     16241
           3     0.6905    0.6753    0.6828      1229
           4     0.9730    0.0250    0.0488      4314
           5     0.7501    0.1796    0.2899      7988
           6     0.9972    0.5795    0.7330      9165

    accuracy                         0.7253     87152
   macro avg     0.7989    0.5715    0.5840     87152
weighted avg     0.7609    0.7253    0.6903     87152
