              precision    recall  f1-score   support

           0     0.9955    0.8216    0.9002     25977
           1     0.3055    0.9949    0.4675       394
           2     0.9941    0.3536    0.5217      1428
           3     0.7241    0.5738    0.6402       183
           4     0.8362    0.9170    0.8747      1108
           5     0.4372    0.9355    0.5959        93
           6     0.1101    0.9068    0.1964       483
           7     0.2539    1.0000    0.4050       307
           8     0.0000    0.0000    0.0000        27

    accuracy                         0.8064     30000
   macro avg     0.5174    0.7226    0.5113     30000
weighted avg     0.9544    0.8064    0.8558     30000
