              precision    recall  f1-score   support

           0     0.7304    0.8077    0.7671     55899
           1     0.8549    0.8086    0.8311     90683
           2     0.5916    0.8969    0.7130      6171
           3     0.6234    0.3380    0.4384       142
           4     0.5437    0.3726    0.4422      1919
           5     0.7412    0.2396    0.3621      4579
           6     0.8437    0.7816    0.8115      5793

    accuracy                         0.7894    165186
   macro avg     0.7041    0.6064    0.6236    165186
weighted avg     0.7955    0.7894    0.7865    165186
