              precision    recall  f1-score   support

           0     0.8897    0.9901    0.9373     25980
           1     0.5000    0.0024    0.0047       423
           2     0.0000    0.0000    0.0000      1407
           3     0.3421    0.2321    0.2766       168
           4     0.0000    0.0000    0.0000      1094
           5     0.4103    0.3871    0.3983       124
           6     0.5586    0.6605    0.6053       433
           7     1.0000    1.0000    1.0000       337
           8     1.0000    0.1765    0.3000        34

    accuracy                         0.8814     30000
   macro avg     0.5223    0.3832    0.3914     30000
weighted avg     0.8016    0.8814    0.8352     30000
