              precision    recall  f1-score   support

           0     0.9862    1.0000    0.9931      2930
           1     0.8571    0.5000    0.6316        24
           2     0.8611    0.3735    0.5210        83
           3     0.9967    0.9993    0.9980      4171
           4     0.9873    0.9953    0.9913      1484
           5     0.0000    0.0000    0.0000         3
           6     0.0000    0.0000    0.0000         5

    accuracy                         0.9906      8700
   macro avg     0.6698    0.5526    0.5907      8700
weighted avg     0.9889    0.9906    0.9887      8700
