              precision    recall  f1-score   support

           0     0.9986    0.9942    0.9964     11386
           1     1.0000    1.0000    1.0000         9
           2     0.1319    0.6000    0.2162        20
           3     0.9996    0.9964    0.9980      2232
           4     1.0000    0.9894    0.9947       846
           5     0.5000    1.0000    0.6667         1
           6     0.0000    0.0000    0.0000         6

    accuracy                         0.9933     14500
   macro avg     0.6614    0.7971    0.6960     14500
weighted avg     0.9972    0.9933    0.9950     14500
