              precision    recall  f1-score   support

           0     0.7355    0.8836    0.8028     20805
           1     0.6741    0.8960    0.7694     27410
           2     0.8063    0.7714    0.7885     16241
           3     0.6442    0.7380    0.6879      1229
           4     0.9410    0.0628    0.1178      4314
           5     0.7495    0.2584    0.3843      7988
           6     0.9888    0.6190    0.7614      9165

    accuracy                         0.7388     87152
   macro avg     0.7913    0.6042    0.6160     87152
weighted avg     0.7662    0.7388    0.7114     87152
