              precision    recall  f1-score   support

           0     0.8889    0.9690    0.9272     25980
           1     1.0000    0.0047    0.0094       423
           2     1.0000    0.0014    0.0028      1407
           3     0.1216    0.0536    0.0744       168
           4     0.0000    0.0000    0.0000      1094
           5     0.4538    0.4758    0.4646       124
           6     0.2779    0.7252    0.4018       433
           7     1.0000    1.0000    1.0000       337
           8     1.0000    0.1765    0.3000        34

    accuracy                         0.8634     30000
   macro avg     0.6380    0.3785    0.3534     30000
weighted avg     0.8498    0.8634    0.8230     30000
