              precision    recall  f1-score   support

           0     0.8878    0.9581    0.9216     25942
           1     1.0000    0.0076    0.0150       396
           2     0.0000    0.0000    0.0000      1451
           3     0.9868    0.4261    0.5952       176
           4     0.0000    0.0000    0.0000      1094
           5     0.9767    0.3889    0.5563       108
           6     0.2750    0.8932    0.4205       459
           7     0.9942    1.0000    0.9971       344
           8     0.2273    0.3333    0.2703        30

    accuracy                         0.8580     30000
   macro avg     0.5942    0.4453    0.4196     30000
weighted avg     0.8061    0.8580    0.8208     30000
