              precision    recall  f1-score   support

           0     0.7250    0.8165    0.7680     55899
           1     0.8570    0.8045    0.8299     90683
           2     0.6472    0.8720    0.7430      6171
           3     0.6207    0.2535    0.3600       142
           4     0.5685    0.3007    0.3933      1919
           5     0.7031    0.3641    0.4797      4579
           6     0.8629    0.7965    0.8284      5793

    accuracy                         0.7922    165186
   macro avg     0.7120    0.6011    0.6289    165186
weighted avg     0.7969    0.7922    0.7905    165186
