              precision    recall  f1-score   support

           0     0.9895    1.0000    0.9947     64181
           1     0.8594    0.9982    0.9236     54172
           2     0.1870    0.0070    0.0136      6111
           3     0.3297    0.0111    0.0214      2707
           4     0.0000    0.0000    0.0000       491
           5     1.0000    0.0791    0.1465       253
           6     0.0000    0.0000    0.0000       173
           7     1.0000    0.0286    0.0556        35
           8     0.0000    0.0000    0.0000         3
           9     0.0000    0.0000    0.0000         1

    accuracy                         0.9237    128127
   macro avg     0.4366    0.2124    0.2155    128127
weighted avg     0.8771    0.9237    0.8902    128127
