              precision    recall  f1-score   support

           0     0.9185    0.7294    0.8131     25942
           1     0.0027    0.0076    0.0039       396
           2     0.7826    0.0620    0.1149      1451
           3     0.0972    0.9602    0.1766       176
           4     0.0000    0.0000    0.0000      1094
           5     0.8774    0.8611    0.8692       108
           6     0.0846    0.9303    0.1551       459
           7     0.3784    1.0000    0.5491       344
           8     0.1084    0.9000    0.1935        30

    accuracy                         0.6691     30000
   macro avg     0.3611    0.6056    0.3195     30000
weighted avg     0.8416    0.6691    0.7217     30000
