              precision    recall  f1-score   support

           0     0.9972    1.0000    0.9986     11148
           1     0.5000    0.1667    0.2500        12
           2     0.8000    0.4211    0.5517        57
           3     0.9973    0.9997    0.9985      2954
           4     0.9905    0.9971    0.9938      1044
           5     0.0000    0.0000    0.0000         4
           6     0.0000    0.0000    0.0000         6

    accuracy                         0.9963     15225
   macro avg     0.6121    0.5121    0.5418     15225
weighted avg     0.9950    0.9963    0.9953     15225
