              precision    recall  f1-score   support

           0     0.9941    0.9863    0.9902     25980
           1     0.9860    1.0000    0.9930       423
           2     0.9398    0.9986    0.9683      1407
           3     0.6912    0.8929    0.7792       168
           4     0.9767    0.9945    0.9855      1094
           5     0.8507    0.4597    0.5969       124
           6     0.5823    0.7598    0.6593       433
           7     1.0000    1.0000    1.0000       337
           8     0.0000    0.0000    0.0000        34

    accuracy                         0.9805     30000
   macro avg     0.7801    0.7880    0.7747     30000
weighted avg     0.9815    0.9805    0.9805     30000
