              precision    recall  f1-score   support

           0     0.7667    0.8233    0.7940     20805
           1     0.6538    0.9411    0.7716     27410
           2     0.7770    0.7892    0.7831     16241
           3     0.7805    0.5728    0.6607      1229
           4     0.9772    0.0496    0.0944      4314
           5     0.7183    0.1995    0.3123      7988
           6     0.9906    0.5972    0.7451      9165

    accuracy                         0.7312     87152
   macro avg     0.8092    0.5675    0.5945     87152
weighted avg     0.7629    0.7312    0.6991     87152
