              precision    recall  f1-score   support

           0     0.9958    0.8517    0.9182     25942
           1     0.9801    0.9949    0.9875       396
           2     0.9470    0.9979    0.9718      1451
           3     0.9080    0.8409    0.8732       176
           4     0.8821    0.9982    0.9365      1094
           5     0.5407    0.8611    0.6643       108
           6     0.1113    0.8845    0.1978       459
           7     0.5383    1.0000    0.6999       344
           8     0.1429    0.1000    0.1176        30

    accuracy                         0.8675     30000
   macro avg     0.6718    0.8366    0.7074     30000
weighted avg     0.9673    0.8675    0.9068     30000
