              precision    recall  f1-score   support

           0     0.9843    0.9988    0.9915     64181
           1     0.9417    0.9849    0.9628     54172
           2     0.6583    0.4530    0.5366      6111
           3     0.8247    0.4935    0.6175      2707
           4     0.3665    0.1874    0.2480       491
           5     0.9880    0.9802    0.9841       253
           6     0.3333    0.0231    0.0432       173
           7     0.5000    0.0286    0.0541        35
           8     0.0000    0.0000    0.0000         3
           9     0.0000    0.0000    0.0000         1

    accuracy                         0.9515    128127
   macro avg     0.5597    0.4150    0.4438    128127
weighted avg     0.9440    0.9515    0.9454    128127
