              precision    recall  f1-score   support

           0     0.9986    0.9888    0.9937     11386
           1     0.7500    1.0000    0.8571         9
           2     0.0811    0.6000    0.1429        20
           3     0.9996    0.9964    0.9980      2232
           4     1.0000    0.9917    0.9958       846
           5     1.0000    1.0000    1.0000         1
           6     0.0000    0.0000    0.0000         6

    accuracy                         0.9892     14500
   macro avg     0.6899    0.7967    0.7125     14500
weighted avg     0.9970    0.9892    0.9928     14500
