              precision    recall  f1-score   support

           0     0.9971    1.0000    0.9986     11148
           1     0.4444    0.3333    0.3810        12
           2     0.9231    0.4211    0.5783        57
           3     0.9973    0.9990    0.9981      2954
           4     0.9924    0.9990    0.9957      1044
           5     0.0000    0.0000    0.0000         4
           6     0.0000    0.0000    0.0000         6

    accuracy                         0.9964     15225
   macro avg     0.6220    0.5361    0.5645     15225
weighted avg     0.9955    0.9964    0.9956     15225
