              precision    recall  f1-score   support

           0     0.9859    1.0000    0.9929      2930
           1     1.0000    0.8750    0.9333        24
           2     0.9545    0.5060    0.6614        83
           3     0.9986    0.9993    0.9989      4171
           4     0.9926    0.9939    0.9933      1484
           5     0.0000    0.0000    0.0000         3
           6     0.0000    0.0000    0.0000         5

    accuracy                         0.9926      8700
   macro avg     0.7045    0.6249    0.6543      8700
weighted avg     0.9919    0.9926    0.9916      8700
