              precision    recall  f1-score   support

           0     0.8863    0.9617    0.9224     25942
           1     1.0000    0.0076    0.0150       396
           2     0.0000    0.0000    0.0000      1451
           3     1.0000    0.2443    0.3927       176
           4     0.0000    0.0000    0.0000      1094
           5     0.9792    0.4352    0.6026       108
           6     0.2909    0.8802    0.4372       459
           7     0.9399    1.0000    0.9690       344
           8     0.0000    0.0000    0.0000        30

    accuracy                         0.8597     30000
   macro avg     0.5662    0.3921    0.3710     30000
weighted avg     0.8042    0.8597    0.8201     30000
