              precision    recall  f1-score   support

           0     0.8298    0.8791    0.8538     52563
           1     0.8938    0.8548    0.8739     71195
           2     0.8421    0.8675    0.8547      8923
           3     0.7565    0.7489    0.7527       701
           4     0.6409    0.6180    0.6293      2440
           5     0.7271    0.7100    0.7185      4286
           6     0.8908    0.8754    0.8831      5145

    accuracy                         0.8564    145253
   macro avg     0.7973    0.7934    0.7951    145253
weighted avg     0.8576    0.8564    0.8565    145253
