              precision    recall  f1-score   support

           0     0.7595    0.8562    0.8050     20805
           1     0.6734    0.9243    0.7792     27410
           2     0.8066    0.7440    0.7740     16241
           3     0.6973    0.5867    0.6372      1229
           4     0.9271    0.1650    0.2802      4314
           5     0.7072    0.3202    0.4408      7988
           6     0.9933    0.6151    0.7597      9165

    accuracy                         0.7442     87152
   macro avg     0.7949    0.6016    0.6394     87152
weighted avg     0.7684    0.7442    0.7246     87152
