              precision    recall  f1-score   support

           0     0.8982    0.9874    0.9407     25980
           1     0.0000    0.0000    0.0000       423
           2     0.0000    0.0000    0.0000      1407
           3     1.0000    0.8214    0.9020       168
           4     1.0000    0.1590    0.2744      1094
           5     0.8611    1.0000    0.9254       124
           6     0.6189    0.6790    0.6476       433
           7     0.8776    1.0000    0.9348       337
           8     0.2520    0.9118    0.3949        34

    accuracy                         0.8917     30000
   macro avg     0.6120    0.6176    0.5577     30000
weighted avg     0.8425    0.8917    0.8538     30000
