              precision    recall  f1-score   support

           0     0.9983    1.0000    0.9991     11462
           1     1.0000    0.8125    0.8966        16
           2     1.0000    0.4865    0.6545        37
           3     0.9981    1.0000    0.9991      2134
           4     1.0000    0.9976    0.9988       849
           5     0.0000    0.0000    0.0000         1
           6     0.0000    0.0000    0.0000         1

    accuracy                         0.9982     14500
   macro avg     0.7138    0.6138    0.6497     14500
weighted avg     0.9982    0.9982    0.9980     14500
