              precision    recall  f1-score   support

           0     0.7242    0.8116    0.7654     55899
           1     0.8563    0.8039    0.8293     90683
           2     0.6016    0.8671    0.7103      6171
           3     0.7188    0.3239    0.4466       142
           4     0.5732    0.3121    0.4042      1919
           5     0.6989    0.2839    0.4038      4579
           6     0.8301    0.7948    0.8121      5793

    accuracy                         0.7880    165186
   macro avg     0.7147    0.5996    0.6245    165186
weighted avg     0.7934    0.7880    0.7856    165186
