              precision    recall  f1-score   support

           0     0.9968    0.9994    0.9981     64122
           1     0.9984    1.0000    0.9992     54267
           2     0.9747    0.9081    0.9402      6030
           3     0.7690    0.9353    0.8440      2705
           4     1.0000    0.5758    0.7308       488
           5     0.9913    0.8382    0.9084       272
           6     0.0000    0.0000    0.0000       204
           7     0.0806    0.1471    0.1042        34
           8     0.6667    0.6667    0.6667         3
           9     0.0000    0.0000    0.0000         2

    accuracy                         0.9902    128127
   macro avg     0.6478    0.6071    0.6192    128127
weighted avg     0.9898    0.9902    0.9895    128127
