              precision    recall  f1-score   support

           0     0.9937    0.9998    0.9967     64134
           1     0.9849    0.9995    0.9922     54229
           2     0.9191    0.8099    0.8610      6017
           3     0.8053    0.8440    0.8242      2725
           4     0.9524    0.1587    0.2721       504
           5     0.9931    1.0000    0.9965       288
           6     1.0000    0.0051    0.0102       196
           7     0.0000    0.0000    0.0000        31
           8     0.0000    0.0000    0.0000         2
           9     0.0000    0.0000    0.0000         1

    accuracy                         0.9823    128127
   macro avg     0.6649    0.4817    0.4953    128127
weighted avg     0.9821    0.9823    0.9801    128127
