              precision    recall  f1-score   support

           0     0.9054    0.9915    0.9465     25980
           1     0.5000    0.0047    0.0094       423
           2     0.9924    0.3703    0.5393      1407
           3     0.5556    0.1786    0.2703       168
           4     0.0000    0.0000    0.0000      1094
           5     0.8136    0.7742    0.7934       124
           6     0.5576    0.6259    0.5898       433
           7     1.0000    1.0000    1.0000       337
           8     1.0000    0.7647    0.8667        34

    accuracy                         0.9014     30000
   macro avg     0.7027    0.5233    0.5573     30000
weighted avg     0.8646    0.9014    0.8706     30000
