              precision    recall  f1-score   support

           0     0.9983    1.0000    0.9991     11462
           1     1.0000    0.1250    0.2222        16
           2     0.8333    0.4054    0.5455        37
           3     0.9930    1.0000    0.9965      2134
           4     1.0000    1.0000    1.0000       849
           5     0.0000    0.0000    0.0000         1
           6     0.0000    0.0000    0.0000         1

    accuracy                         0.9974     14500
   macro avg     0.6892    0.5043    0.5376     14500
weighted avg     0.9970    0.9974    0.9966     14500
