              precision    recall  f1-score   support

           0     0.7782    0.7046    0.7396     55899
           1     0.8152    0.8589    0.8365     90683
           2     0.6727    0.6944    0.6834      6171
           3     0.3467    0.4859    0.4047       142
           4     0.4159    0.3632    0.3878      1919
           5     0.5705    0.5593    0.5648      4579
           6     0.7734    0.8402    0.8054      5793

    accuracy                         0.7855    165186
   macro avg     0.6247    0.6438    0.6317    165186
weighted avg     0.7841    0.7855    0.7838    165186
