              precision    recall  f1-score   support

           0     0.9820    0.8978    0.9381     25942
           1     0.1738    1.0000    0.2961       396
           2     0.5000    0.0007    0.0014      1451
           3     0.9944    1.0000    0.9972       176
           4     0.9991    0.9982    0.9986      1094
           5     0.9615    0.9259    0.9434       108
           6     0.1777    0.8627    0.2946       459
           7     0.9829    1.0000    0.9914       344
           8     0.6042    0.9667    0.7436        30

    accuracy                         0.8609     30000
   macro avg     0.7084    0.8502    0.6894     30000
weighted avg     0.9360    0.8609    0.8774     30000
