              precision    recall  f1-score   support

           0     0.9948    0.9578    0.9759     25942
           1     0.9975    1.0000    0.9987       396
           2     0.9558    0.9986    0.9767      1451
           3     1.0000    0.9432    0.9708       176
           4     0.9991    0.9991    0.9991      1094
           5     0.8730    0.5093    0.6433       108
           6     0.3240    0.8584    0.4704       459
           7     0.6335    1.0000    0.7756       344
           8     0.9231    0.8000    0.8571        30

    accuracy                         0.9590     30000
   macro avg     0.8556    0.8963    0.8520     30000
weighted avg     0.9782    0.9590    0.9657     30000
