              precision    recall  f1-score   support

           0     0.9962    0.9967    0.9964     25980
           1     0.9953    1.0000    0.9976       423
           2     0.9993    0.9986    0.9989      1407
           3     0.8090    0.9583    0.8774       168
           4     0.9981    0.9799    0.9889      1094
           5     0.7757    0.6694    0.7186       124
           6     0.8628    0.8568    0.8598       433
           7     1.0000    1.0000    1.0000       337
           8     0.9630    0.7647    0.8525        34

    accuracy                         0.9924     30000
   macro avg     0.9333    0.9138    0.9211     30000
weighted avg     0.9925    0.9924    0.9924     30000
