              precision    recall  f1-score   support

           0     0.9981    0.9998    0.9989     12042
           1     1.0000    0.7857    0.8800        14
           2     1.0000    0.3929    0.5641        28
           3     0.9977    0.9992    0.9985      1314
           4     0.9973    0.9973    0.9973      1098
           5     0.5000    1.0000    0.6667         1
           6     0.0000    0.0000    0.0000         3

    accuracy                         0.9979     14500
   macro avg     0.7847    0.7393    0.7293     14500
weighted avg     0.9978    0.9979    0.9976     14500
