              precision    recall  f1-score   support

           0     0.9978    0.9998    0.9988     11148
           1     1.0000    1.0000    1.0000        12
           2     0.9730    0.6316    0.7660        57
           3     0.9990    0.9993    0.9992      2954
           4     0.9962    1.0000    0.9981      1044
           5     1.0000    0.2500    0.4000         4
           6     1.0000    0.1667    0.2857         6

    accuracy                         0.9978     15225
   macro avg     0.9951    0.7211    0.7782     15225
weighted avg     0.9978    0.9978    0.9975     15225
