              precision    recall  f1-score   support

           0     0.9916    0.9860    0.9888     25980
           1     0.7243    1.0000    0.8401       423
           2     0.9839    0.9979    0.9908      1407
           3     0.8131    0.9583    0.8798       168
           4     1.0000    0.8867    0.9399      1094
           5     0.8173    0.6855    0.7456       124
           6     0.6888    0.8637    0.7664       433
           7     0.9941    1.0000    0.9970       337
           8     0.0000    0.0000    0.0000        34

    accuracy                         0.9790     30000
   macro avg     0.7792    0.8198    0.7943     30000
weighted avg     0.9806    0.9790    0.9792     30000
