              precision    recall  f1-score   support

           0     0.9115    0.9940    0.9510     25980
           1     1.0000    0.0024    0.0047       423
           2     0.8861    0.3760    0.5279      1407
           3     0.9545    1.0000    0.9767       168
           4     0.9130    0.0192    0.0376      1094
           5     0.9762    0.9919    0.9840       124
           6     0.8025    0.7506    0.7757       433
           7     1.0000    1.0000    1.0000       337
           8     1.0000    0.1765    0.3000        34

    accuracy                         0.9111     30000
   macro avg     0.9382    0.5901    0.6175     30000
weighted avg     0.9117    0.9111    0.8820     30000
