              precision    recall  f1-score   support

           0     0.7050    0.8473    0.7696     20805
           1     0.6672    0.9174    0.7726     27410
           2     0.8021    0.7515    0.7760     16241
           3     0.7914    0.4353    0.5617      1229
           4     0.9688    0.1653    0.2824      4314
           5     0.6943    0.3252    0.4430      7988
           6     0.9985    0.4458    0.6164      9165

    accuracy                         0.7218     87152
   macro avg     0.8039    0.5554    0.6031     87152
weighted avg     0.7554    0.7218    0.6986     87152
