              precision    recall  f1-score   support

           0     0.9027    0.6811    0.7764     25942
           1     1.0000    0.0076    0.0150       396
           2     0.0000    0.0000    0.0000      1451
           3     0.9887    0.9943    0.9915       176
           4     0.9982    1.0000    0.9991      1094
           5     0.9813    0.9722    0.9767       108
           6     0.0471    0.8889    0.0895       459
           7     0.9801    1.0000    0.9899       344
           8     0.6316    0.8000    0.7059        30

    accuracy                         0.6607     30000
   macro avg     0.7255    0.7049    0.6160     30000
weighted avg     0.8521    0.6607    0.7308     30000
