              precision    recall  f1-score   support

           0     0.9839    1.0000    0.9919      2930
           1     0.7692    0.4167    0.5405        24
           2     0.8611    0.3735    0.5210        83
           3     0.9971    0.9993    0.9982      4171
           4     0.9899    0.9939    0.9919      1484
           5     0.0000    0.0000    0.0000         3
           6     0.0000    0.0000    0.0000         5

    accuracy                         0.9901      8700
   macro avg     0.6573    0.5405    0.5777      8700
weighted avg     0.9886    0.9901    0.9883      8700
