              precision    recall  f1-score   support

           0     0.9869    1.0000    0.9934      2930
           1     0.0000    0.0000    0.0000        24
           2     0.9565    0.2651    0.4151        83
           3     0.9877    0.9981    0.9928      4171
           4     0.9926    0.9939    0.9933      1484
           5     0.0000    0.0000    0.0000         3
           6     0.0000    0.0000    0.0000         5

    accuracy                         0.9874      8700
   macro avg     0.5605    0.4653    0.4849      8700
weighted avg     0.9843    0.9874    0.9839      8700
