              precision    recall  f1-score   support

           0     0.9219    0.8739    0.8973     25942
           1     0.0000    0.0000    0.0000       396
           2     0.1000    0.0007    0.0014      1451
           3     0.7450    0.6307    0.6831       176
           4     0.6321    0.8026    0.7072      1094
           5     0.9018    0.9352    0.9182       108
           6     0.1220    0.8954    0.2148       459
           7     0.9297    1.0000    0.9636       344
           8     0.0000    0.0000    0.0000        30

    accuracy                         0.8173     30000
   macro avg     0.4836    0.5709    0.4873     30000
weighted avg     0.8452    0.8173    0.8234     30000
