              precision    recall  f1-score   support

           0     0.9807    0.8880    0.9321     25942
           1     1.0000    0.0076    0.0150       396
           2     0.0000    0.0000    0.0000      1451
           3     0.7296    0.9659    0.8313       176
           4     0.8044    1.0000    0.8916      1094
           5     0.5848    0.9259    0.7168       108
           6     0.2408    0.8845    0.3786       459
           7     0.8452    1.0000    0.9161       344
           8     0.0113    1.0000    0.0224        30

    accuracy                         0.8395     30000
   macro avg     0.5774    0.7413    0.5227     30000
weighted avg     0.9104    0.8395    0.8625     30000
