              precision    recall  f1-score   support

           0     0.9218    0.9285    0.9252     25942
           1     0.6000    0.0076    0.0150       396
           2     0.0000    0.0000    0.0000      1451
           3     0.5452    0.9943    0.7042       176
           4     0.0000    0.0000    0.0000      1094
           5     0.8793    0.9444    0.9107       108
           6     0.1735    0.8758    0.2896       459
           7     0.3413    1.0000    0.5089       344
           8     0.9600    0.8000    0.8727        30

    accuracy                         0.8379     30000
   macro avg     0.4912    0.6167    0.4696     30000
weighted avg     0.8190    0.8379    0.8188     30000
