              precision    recall  f1-score   support

           0     0.9888    0.7552    0.8563     25957
           1     0.9875    0.9975    0.9925       397
           2     0.9587    0.9959    0.9769      1447
           3     0.9748    0.8564    0.9118       181
           4     0.6555    1.0000    0.7919      1052
           5     1.0000    0.1463    0.2553       123
           6     0.0665    0.8644    0.1235       472
           7     0.9634    1.0000    0.9813       342
           8     0.0000    0.0000    0.0000        29

    accuracy                         0.7805     30000
   macro avg     0.7328    0.7351    0.6544     30000
weighted avg     0.9598    0.7805    0.8486     30000
