              precision    recall  f1-score   support

           0     0.9428    0.9958    0.9686     25980
           1     1.0000    0.9976    0.9988       423
           2     0.0000    0.0000    0.0000      1407
           3     1.0000    0.8929    0.9434       168
           4     1.0000    0.9954    0.9977      1094
           5     0.8252    0.9516    0.8839       124
           6     0.7775    0.7021    0.7379       433
           7     1.0000    1.0000    1.0000       337
           8     1.0000    0.7647    0.8667        34

    accuracy                         0.9439     30000
   macro avg     0.8384    0.8111    0.8219     30000
weighted avg     0.8996    0.9439    0.9211     30000
