              precision    recall  f1-score   support

           0     0.8922    0.9616    0.9256     25957
           1     1.0000    0.0050    0.0100       397
           2     1.0000    0.0366    0.0707      1447
           3     1.0000    0.5359    0.6978       181
           4     0.0000    0.0000    0.0000      1052
           5     0.9663    0.6992    0.8113       123
           6     0.2975    0.8919    0.4462       472
           7     0.9913    1.0000    0.9956       342
           8     1.0000    0.8276    0.9057        29

    accuracy                         0.8662     30000
   macro avg     0.7941    0.5509    0.5403     30000
weighted avg     0.8604    0.8662    0.8312     30000
