              precision    recall  f1-score   support

           0     0.9845    1.0000    0.9922      2930
           1     0.5500    0.4583    0.5000        24
           2     0.8333    0.3012    0.4425        83
           3     0.9971    0.9995    0.9983      4171
           4     0.9886    0.9946    0.9916      1484
           5     0.0000    0.0000    0.0000         3
           6     0.0000    0.0000    0.0000         5

    accuracy                         0.9898      8700
   macro avg     0.6219    0.5362    0.5607      8700
weighted avg     0.9877    0.9898    0.9875      8700
