              precision    recall  f1-score   support

           0     0.9976    0.9999    0.9987     11148
           1     0.9231    1.0000    0.9600        12
           2     1.0000    0.6316    0.7742        57
           3     0.9980    0.9990    0.9985      2954
           4     0.9971    0.9971    0.9971      1044
           5     1.0000    0.2500    0.4000         4
           6     0.0000    0.0000    0.0000         6

    accuracy                         0.9976     15225
   macro avg     0.8451    0.6968    0.7326     15225
weighted avg     0.9972    0.9976    0.9972     15225
