              precision    recall  f1-score   support

           0     0.9919    0.9936    0.9927     25980
           1     0.9976    0.9976    0.9976       423
           2     0.9986    0.9929    0.9957      1407
           3     1.0000    0.9048    0.9500       168
           4     0.9981    0.9497    0.9733      1094
           5     0.6578    0.9919    0.7910       124
           6     0.7627    0.7644    0.7636       433
           7     1.0000    1.0000    1.0000       337
           8     0.0000    0.0000    0.0000        34

    accuracy                         0.9872     30000
   macro avg     0.8230    0.8439    0.8293     30000
weighted avg     0.9868    0.9872    0.9868     30000
