              precision    recall  f1-score   support

           0     0.9234    0.9831    0.9523     25980
           1     1.0000    0.0024    0.0047       423
           2     0.0000    0.0000    0.0000      1407
           3     0.9204    0.6190    0.7402       168
           4     0.9980    0.9241    0.9597      1094
           5     0.5315    0.9516    0.6821       124
           6     0.4477    0.6721    0.5374       433
           7     0.9912    1.0000    0.9956       337
           8     0.0000    0.0000    0.0000        34

    accuracy                         0.9134     30000
   macro avg     0.6458    0.5725    0.5413     30000
weighted avg     0.8751    0.9134    0.8857     30000
