              precision    recall  f1-score   support

           0     0.9969    1.0000    0.9984     64122
           1     0.9996    1.0000    0.9998     54267
           2     0.9708    0.9378    0.9540      6030
           3     0.8099    0.9227    0.8626      2705
           4     1.0000    0.5533    0.7124       488
           5     0.9855    0.9963    0.9909       272
           6     0.5000    0.0049    0.0097       204
           7     0.0938    0.1765    0.1224        34
           8     1.0000    0.3333    0.5000         3
           9     0.0000    0.0000    0.0000         2

    accuracy                         0.9919    128127
   macro avg     0.7356    0.5925    0.6150    128127
weighted avg     0.9918    0.9919    0.9911    128127
