              precision    recall  f1-score   support

           0     0.9981    0.9998    0.9989     12042
           1     1.0000    0.8571    0.9231        14
           2     1.0000    0.3929    0.5641        28
           3     0.9970    0.9992    0.9981      1314
           4     0.9982    0.9973    0.9977      1098
           5     1.0000    1.0000    1.0000         1
           6     0.0000    0.0000    0.0000         3

    accuracy                         0.9980     14500
   macro avg     0.8562    0.7495    0.7831     14500
weighted avg     0.9978    0.9980    0.9976     14500
