              precision    recall  f1-score   support

           0     0.9924    0.9993    0.9958     64181
           1     0.9648    0.9984    0.9813     54172
           2     0.8442    0.6482    0.7333      6111
           3     0.8183    0.7289    0.7710      2707
           4     0.9643    0.0550    0.1040       491
           5     0.9692    0.9960    0.9825       253
           6     0.0000    0.0000    0.0000       173
           7     0.0286    0.0286    0.0286        35
           8     0.0000    0.0000    0.0000         3
           9     0.0000    0.0000    0.0000         1

    accuracy                         0.9712    128127
   macro avg     0.5582    0.4454    0.4597    128127
weighted avg     0.9682    0.9712    0.9673    128127
