              precision    recall  f1-score   support

           0     0.9574    0.8806    0.9174     25957
           1     0.8250    0.9975    0.9031       397
           2     0.9611    0.3587    0.5224      1447
           3     0.9091    0.5525    0.6873       181
           4     0.8234    0.6559    0.7302      1052
           5     0.6543    0.8618    0.7439       123
           6     0.1477    0.8792    0.2529       472
           7     0.2891    1.0000    0.4485       342
           8     0.0000    0.0000    0.0000        29

    accuracy                         0.8476     30000
   macro avg     0.6186    0.6874    0.5784     30000
weighted avg     0.9283    0.8476    0.8728     30000
