              precision    recall  f1-score   support

           0     0.9882    1.0000    0.9941      2930
           1     0.6364    0.8750    0.7368        24
           2     0.9565    0.5301    0.6822        83
           3     0.9978    0.9978    0.9978      4171
           4     0.9946    0.9912    0.9929      1484
           5     0.3333    0.6667    0.4444         3
           6     0.0000    0.0000    0.0000         5

    accuracy                         0.9920      8700
   macro avg     0.7010    0.7230    0.6926      8700
weighted avg     0.9918    0.9920    0.9912      8700
