              precision    recall  f1-score   support

           0     0.8905    0.9355    0.9125     25980
           1     0.2857    0.0047    0.0093       423
           2     0.2000    0.0014    0.0028      1407
           3     0.9819    0.9702    0.9760       168
           4     0.0000    0.0000    0.0000      1094
           5     0.8741    0.9516    0.9112       124
           6     0.1951    0.9192    0.3219       433
           7     1.0000    1.0000    1.0000       337
           8     0.0000    0.0000    0.0000        34

    accuracy                         0.8441     30000
   macro avg     0.4919    0.5314    0.4593     30000
weighted avg     0.8078    0.8441    0.8156     30000
