              precision    recall  f1-score   support

           0     0.9917    0.9932    0.9924     25980
           1     0.9747    1.0000    0.9872       423
           2     0.9915    0.9936    0.9925      1407
           3     0.9578    0.9464    0.9521       168
           4     0.9832    0.9653    0.9742      1094
           5     0.8235    0.9032    0.8615       124
           6     0.7163    0.6998    0.7079       433
           7     1.0000    1.0000    1.0000       337
           8     0.0000    0.0000    0.0000        34

    accuracy                         0.9864     30000
   macro avg     0.8265    0.8335    0.8298     30000
weighted avg     0.9852    0.9864    0.9858     30000
