              precision    recall  f1-score   support

           0     0.7665    0.8548    0.8082     20805
           1     0.7090    0.9230    0.8020     27410
           2     0.7569    0.8544    0.8027     16241
           3     0.7153    0.4703    0.5675      1229
           4     0.9489    0.2151    0.3507      4314
           5     0.7653    0.2192    0.3408      7988
           6     0.9928    0.6347    0.7744      9165

    accuracy                         0.7577     87152
   macro avg     0.8078    0.5959    0.6352     87152
weighted avg     0.7786    0.7577    0.7328     87152
