              precision    recall  f1-score   support

           0     0.9246    0.9051    0.9147     25942
           1     1.0000    0.0076    0.0150       396
           2     0.0000    0.0000    0.0000      1451
           3     0.9943    0.9943    0.9943       176
           4     1.0000    0.1252    0.2226      1094
           5     0.9712    0.9352    0.9528       108
           6     0.1112    0.8954    0.1979       459
           7     0.8982    1.0000    0.9464       344
           8     0.2385    0.8667    0.3741        30

    accuracy                         0.8225     30000
   macro avg     0.6820    0.6366    0.5131     30000
weighted avg     0.8708    0.8225    0.8228     30000
