              precision    recall  f1-score   support

           0     0.9897    0.9983    0.9940     64134
           1     0.9563    0.9918    0.9738     54229
           2     0.8589    0.5594    0.6775      6017
           3     0.8008    0.7982    0.7995      2725
           4     0.5466    0.2560    0.3486       504
           5     0.9863    1.0000    0.9931       288
           6     0.0952    0.0102    0.0184       196
           7     0.0000    0.0000    0.0000        31
           8     0.0000    0.0000    0.0000         2
           9     0.0000    0.0000    0.0000         1

    accuracy                         0.9660    128127
   macro avg     0.5234    0.4614    0.4805    128127
weighted avg     0.9621    0.9660    0.9621    128127
