              precision    recall  f1-score   support

           0     0.8888    0.9703    0.9278     25980
           1     0.6667    0.0047    0.0094       423
           2     1.0000    0.0014    0.0028      1407
           3     0.4444    0.3333    0.3810       168
           4     0.0000    0.0000    0.0000      1094
           5     0.4862    0.4274    0.4549       124
           6     0.3057    0.7483    0.4340       433
           7     1.0000    1.0000    1.0000       337
           8     0.0000    0.0000    0.0000        34

    accuracy                         0.8661     30000
   macro avg     0.5324    0.3873    0.3567     30000
weighted avg     0.8461    0.8661    0.8252     30000
