              precision    recall  f1-score   support

           0     0.9454    0.9232    0.9342     25977
           1     0.4000    0.0102    0.0198       394
           2     0.0000    0.0000    0.0000      1428
           3     0.9235    0.9235    0.9235       183
           4     0.7791    0.3628    0.4951      1108
           5     0.3577    0.9462    0.5192        93
           6     0.1762    0.9337    0.2964       483
           7     0.2761    1.0000    0.4327       307
           8     0.0000    0.0000    0.0000        27

    accuracy                         0.8468     30000
   macro avg     0.4287    0.5666    0.4023     30000
weighted avg     0.8651    0.8468    0.8439     30000
