              precision    recall  f1-score   support

           0     0.9982    1.0000    0.9991     11462
           1     1.0000    0.8125    0.8966        16
           2     1.0000    0.4595    0.6296        37
           3     0.9981    1.0000    0.9991      2134
           4     1.0000    0.9988    0.9994       849
           5     0.0000    0.0000    0.0000         1
           6     0.0000    0.0000    0.0000         1

    accuracy                         0.9982     14500
   macro avg     0.7138    0.6101    0.6462     14500
weighted avg     0.9981    0.9982    0.9979     14500
