              precision    recall  f1-score   support

           0     0.8911    0.9873    0.9367     25980
           1     0.5000    0.0024    0.0047       423
           2     0.0000    0.0000    0.0000      1407
           3     1.0000    0.6607    0.7957       168
           4     1.0000    0.0027    0.0055      1094
           5     0.8511    0.9677    0.9057       124
           6     0.4613    0.6328    0.5336       433
           7     1.0000    1.0000    1.0000       337
           8     1.0000    0.8235    0.9032        34

    accuracy                         0.8841     30000
   macro avg     0.7448    0.5641    0.5650     30000
weighted avg     0.8434    0.8841    0.8396     30000
