              precision    recall  f1-score   support

           0     0.9865    1.0000    0.9932      2930
           1     1.0000    0.6667    0.8000        24
           2     1.0000    0.4819    0.6504        83
           3     0.9986    0.9990    0.9988      4171
           4     0.9932    0.9906    0.9919      1484
           5     0.0952    0.6667    0.1667         3
           6     0.0000    0.0000    0.0000         5

    accuracy                         0.9914      8700
   macro avg     0.7248    0.6864    0.6573      8700
weighted avg     0.9927    0.9914    0.9910      8700
