              precision    recall  f1-score   support

           0     0.9988    0.9996    0.9992     11386
           1     1.0000    1.0000    1.0000         9
           2     1.0000    0.6000    0.7500        20
           3     0.9996    0.9996    0.9996      2232
           4     0.9976    1.0000    0.9988       846
           5     1.0000    1.0000    1.0000         1
           6     0.0000    0.0000    0.0000         6

    accuracy                         0.9987     14500
   macro avg     0.8566    0.7999    0.8211     14500
weighted avg     0.9984    0.9987    0.9985     14500
