              precision    recall  f1-score   support

           0     0.9982    0.9895    0.9938     25942
           1     0.5455    0.0152    0.0295       396
           2     1.0000    0.9711    0.9853      1451
           3     0.9724    1.0000    0.9860       176
           4     1.0000    1.0000    1.0000      1094
           5     0.9900    0.9167    0.9519       108
           6     0.4029    0.9760    0.5703       459
           7     0.9914    1.0000    0.9957       344
           8     1.0000    0.9667    0.9831        30

    accuracy                         0.9758     30000
   macro avg     0.8778    0.8706    0.8328     30000
weighted avg     0.9830    0.9758    0.9742     30000
