              precision    recall  f1-score   support

           0     0.9982    1.0000    0.9991     12042
           1     0.8125    0.9286    0.8667        14
           2     1.0000    0.3929    0.5641        28
           3     0.9985    0.9970    0.9977      1314
           4     0.9991    0.9954    0.9973      1098
           5     0.3333    1.0000    0.5000         1
           6     0.0000    0.0000    0.0000         3

    accuracy                         0.9979     14500
   macro avg     0.7345    0.7591    0.7035     14500
weighted avg     0.9978    0.9979    0.9976     14500
