              precision    recall  f1-score   support

           0     0.9039    0.9027    0.9033     25942
           1     1.0000    0.0076    0.0150       396
           2     0.0000    0.0000    0.0000      1451
           3     0.0000    0.0000    0.0000       176
           4     0.0000    0.0000    0.0000      1094
           5     0.3333    0.0926    0.1449       108
           6     0.2837    0.8170    0.4211       459
           7     0.1257    1.0000    0.2234       344
           8     0.0000    0.0000    0.0000        30

    accuracy                         0.8050     30000
   macro avg     0.2941    0.3133    0.1897     30000
weighted avg     0.8018    0.8050    0.7908     30000
