              precision    recall  f1-score   support

           0     0.6419    0.7406    0.6877     60481
           1     0.7757    0.6685    0.7182     72015
           2     0.8495    0.8857    0.8672      3359
           3     0.7520    0.8768    0.8096       211
           4     0.6201    0.3899    0.4788      1172
           5     0.7783    0.7128    0.7441      1497
           6     0.4762    0.5515    0.5111      6518

    accuracy                         0.6968    145253
   macro avg     0.6991    0.6894    0.6881    145253
weighted avg     0.7070    0.6968    0.6981    145253
