              precision    recall  f1-score   support

           0     0.9846    0.9516    0.9678     25942
           1     0.9975    0.9975    0.9975       396
           2     0.9566    0.8201    0.8831      1451
           3     1.0000    0.8182    0.9000       176
           4     0.9991    0.9982    0.9986      1094
           5     0.9882    0.7778    0.8705       108
           6     0.2689    0.8584    0.4096       459
           7     0.7257    1.0000    0.8411       344
           8     0.9200    0.7667    0.8364        30

    accuracy                         0.9451     30000
   macro avg     0.8712    0.8876    0.8561     30000
weighted avg     0.9700    0.9451    0.9544     30000
