              precision    recall  f1-score   support

           0     0.9531    0.9976    0.9748     64181
           1     0.9209    0.9476    0.9341     54172
           2     0.6125    0.3378    0.4354      6111
           3     0.8496    0.4529    0.5908      2707
           4     0.0755    0.0163    0.0268       491
           5     0.9844    0.9960    0.9902       253
           6     0.4643    0.0751    0.1294       173
           7     0.5000    0.0286    0.0541        35
           8     0.0000    0.0000    0.0000         3
           9     0.0000    0.0000    0.0000         1

    accuracy                         0.9282    128127
   macro avg     0.5360    0.3852    0.4136    128127
weighted avg     0.9169    0.9282    0.9187    128127
