              precision    recall  f1-score   support

           0     0.9690    0.9046    0.9357     25942
           1     0.0667    0.0025    0.0049       396
           2     0.9958    0.8236    0.9015      1451
           3     0.6160    0.8750    0.7230       176
           4     0.5122    0.1344    0.2129      1094
           5     0.5714    0.8519    0.6840       108
           6     0.1505    0.8606    0.2562       459
           7     0.2824    1.0000    0.4405       344
           8     0.9600    0.8000    0.8727        30

    accuracy                         0.8607     30000
   macro avg     0.5693    0.6947    0.5590     30000
weighted avg     0.9178    0.8607    0.8771     30000
