              precision    recall  f1-score   support

           0     0.9982    0.9998    0.9990     12042
           1     0.9286    0.9286    0.9286        14
           2     0.9167    0.3929    0.5500        28
           3     0.9985    0.9992    0.9989      1314
           4     0.9982    0.9982    0.9982      1098
           5     0.0000    0.0000    0.0000         1
           6     0.0000    0.0000    0.0000         3

    accuracy                         0.9981     14500
   macro avg     0.6914    0.6169    0.6392     14500
weighted avg     0.9977    0.9981    0.9977     14500
