              precision    recall  f1-score   support

           0     0.9982    1.0000    0.9991     11462
           1     0.9286    0.8125    0.8667        16
           2     1.0000    0.4324    0.6038        37
           3     0.9977    1.0000    0.9988      2134
           4     1.0000    0.9988    0.9994       849
           5     0.0000    0.0000    0.0000         1
           6     0.0000    0.0000    0.0000         1

    accuracy                         0.9981     14500
   macro avg     0.7035    0.6063    0.6383     14500
weighted avg     0.9980    0.9981    0.9978     14500
