              precision    recall  f1-score   support

           0     0.7334    0.7968    0.7638     55899
           1     0.8502    0.8143    0.8319     90683
           2     0.6164    0.8498    0.7145      6171
           3     0.6053    0.3239    0.4220       142
           4     0.4931    0.3549    0.4127      1919
           5     0.6910    0.3164    0.4341      4579
           6     0.8208    0.7830    0.8015      5793

    accuracy                         0.7891    165186
   macro avg     0.6872    0.6056    0.6258    165186
weighted avg     0.7921    0.7891    0.7871    165186
