              precision    recall  f1-score   support

           0     0.9981    0.9999    0.9990     11462
           1     1.0000    0.6875    0.8148        16
           2     0.9412    0.4324    0.5926        37
           3     0.9972    1.0000    0.9986      2134
           4     1.0000    1.0000    1.0000       849
           5     0.0000    0.0000    0.0000         1
           6     0.0000    0.0000    0.0000         1

    accuracy                         0.9980     14500
   macro avg     0.7052    0.5885    0.6293     14500
weighted avg     0.9978    0.9980    0.9976     14500
