              precision    recall  f1-score   support

           0     0.8981    0.6543    0.7571     25942
           1     0.6000    0.0076    0.0150       396
           2     1.0000    0.0007    0.0014      1451
           3     0.3248    0.8636    0.4720       176
           4     0.0106    0.0018    0.0031      1094
           5     0.3650    0.9259    0.5236       108
           6     0.0563    0.8889    0.1059       459
           7     0.1186    1.0000    0.2121       344
           8     0.0000    0.0000    0.0000        30

    accuracy                         0.5995     30000
   macro avg     0.3748    0.4825    0.2322     30000
weighted avg     0.8388    0.5995    0.6638     30000
