              precision    recall  f1-score   support

           0     0.9104    0.9945    0.9506     25980
           1     1.0000    0.0047    0.0094       423
           2     0.8904    0.3753    0.5280      1407
           3     0.9940    0.9881    0.9910       168
           4     0.7143    0.0046    0.0091      1094
           5     0.9612    1.0000    0.9802       124
           6     0.8073    0.7159    0.7589       433
           7     1.0000    1.0000    1.0000       337
           8     0.0000    0.0000    0.0000        34

    accuracy                         0.9103     30000
   macro avg     0.8086    0.5648    0.5808     30000
weighted avg     0.9027    0.9103    0.8802     30000
