              precision    recall  f1-score   support

           0     0.9913    1.0000    0.9957     64122
           1     0.9888    0.9994    0.9941     54267
           2     0.9281    0.8751    0.9008      6030
           3     0.8750    0.8458    0.8602      2705
           4     0.3600    0.0369    0.0669       488
           5     0.9840    0.6765    0.8017       272
           6     0.8909    0.2402    0.3784       204
           7     0.2000    0.0294    0.0513        34
           8     1.0000    0.3333    0.5000         3
           9     0.0000    0.0000    0.0000         2

    accuracy                         0.9847    128127
   macro avg     0.7218    0.5037    0.5549    128127
weighted avg     0.9820    0.9847    0.9825    128127
