              precision    recall  f1-score   support

           0     0.9090    0.9900    0.9478     25980
           1     0.8198    1.0000    0.9010       423
           2     0.0000    0.0000    0.0000      1407
           3     0.9879    0.9702    0.9790       168
           4     0.9921    0.1143    0.2049      1094
           5     0.8872    0.9516    0.9183       124
           6     0.6398    0.6236    0.6316       433
           7     1.0000    1.0000    1.0000       337
           8     1.0000    0.1765    0.3000        34

    accuracy                         0.9054     30000
   macro avg     0.8040    0.6473    0.6536     30000
weighted avg     0.8657    0.9054    0.8709     30000
