              precision    recall  f1-score   support

           0     0.9006    0.9971    0.9464     64181
           1     0.9058    0.8723    0.8887     54172
           2     0.6202    0.3060    0.4098      6111
           3     0.8532    0.4337    0.5751      2707
           4     0.2178    0.0998    0.1369       491
           5     0.9844    1.0000    0.9922       253
           6     0.2500    0.0520    0.0861       173
           7     1.0000    0.0286    0.0556        35
           8     0.0000    0.0000    0.0000         3
           9     0.0000    0.0000    0.0000         1

    accuracy                         0.8944    128127
   macro avg     0.5732    0.3789    0.4091    128127
weighted avg     0.8851    0.8944    0.8841    128127
