              precision    recall  f1-score   support

           0     0.8624    0.4647    0.6040     25942
           1     0.6000    0.0076    0.0150       396
           2     0.0000    0.0000    0.0000      1451
           3     0.7804    0.9489    0.8564       176
           4     0.3373    0.1042    0.1592      1094
           5     0.6242    0.9537    0.7546       108
           6     0.0294    0.8998    0.0569       459
           7     0.2770    1.0000    0.4338       344
           8     0.0000    0.0000    0.0000        30

    accuracy                         0.4400     30000
   macro avg     0.3901    0.4865    0.3200     30000
weighted avg     0.7764    0.4400    0.5419     30000
