              precision    recall  f1-score   support

           0     0.9986    0.9960    0.9973     11386
           1     1.0000    1.0000    1.0000         9
           2     0.1667    0.6000    0.2609        20
           3     0.9996    0.9964    0.9980      2232
           4     0.9988    0.9870    0.9929       846
           5     1.0000    1.0000    1.0000         1
           6     0.0000    0.0000    0.0000         6

    accuracy                         0.9946     14500
   macro avg     0.7377    0.7971    0.7499     14500
weighted avg     0.9972    0.9946    0.9957     14500
