              precision    recall  f1-score   support

           0     0.9945    1.0000    0.9972     64134
           1     0.9951    1.0000    0.9976     54229
           2     0.9308    0.9101    0.9203      6017
           3     0.8331    0.8517    0.8423      2725
           4     0.9865    0.2897    0.4479       504
           5     0.9931    0.9931    0.9931       288
           6     0.1667    0.0255    0.0442       196
           7     0.0000    0.0000    0.0000        31
           8     0.0000    0.0000    0.0000         2
           9     0.0000    0.0000    0.0000         1

    accuracy                         0.9880    128127
   macro avg     0.5900    0.5070    0.5243    128127
weighted avg     0.9868    0.9880    0.9866    128127
