              precision    recall  f1-score   support

           0     0.9889    0.9993    0.9941      2930
           1     1.0000    0.9583    0.9787        24
           2     0.9636    0.6386    0.7681        83
           3     0.9990    0.9990    0.9990      4171
           4     0.9960    0.9987    0.9973      1484
           5     1.0000    0.6667    0.8000         3
           6     0.0000    0.0000    0.0000         5

    accuracy                         0.9948      8700
   macro avg     0.8496    0.7515    0.7910      8700
weighted avg     0.9942    0.9948    0.9942      8700
