              precision    recall  f1-score   support

           0     0.9852    1.0000    0.9925      2930
           1     0.8462    0.4583    0.5946        24
           2     0.9189    0.4096    0.5667        83
           3     0.9964    0.9988    0.9976      4171
           4     0.9893    0.9960    0.9926      1484
           5     0.0000    0.0000    0.0000         3
           6     0.0000    0.0000    0.0000         5

    accuracy                         0.9907      8700
   macro avg     0.6766    0.5518    0.5920      8700
weighted avg     0.9894    0.9907    0.9889      8700
