              precision    recall  f1-score   support

           0     0.9255    0.9167    0.9211     25942
           1     0.4286    0.0076    0.0149       396
           2     0.0000    0.0000    0.0000      1451
           3     0.3614    0.9261    0.5199       176
           4     0.8547    0.3172    0.4627      1094
           5     0.8632    0.9352    0.8978       108
           6     0.2033    0.8671    0.3293       459
           7     0.2997    1.0000    0.4611       344
           8     0.1204    0.8667    0.2114        30

    accuracy                         0.8388     30000
   macro avg     0.4507    0.6485    0.4242     30000
weighted avg     0.8490    0.8388    0.8304     30000
