              precision    recall  f1-score   support

           0     0.9150    0.7871    0.8462     25942
           1     1.0000    0.0051    0.0101       396
           2     0.0000    0.0000    0.0000      1451
           3     0.0967    0.9261    0.1752       176
           4     0.8232    0.9918    0.8997      1094
           5     0.5026    0.8796    0.6397       108
           6     0.1046    0.9194    0.1878       459
           7     0.9451    1.0000    0.9718       344
           8     0.3059    0.8667    0.4522        30

    accuracy                         0.7519     30000
   macro avg     0.5215    0.7084    0.4647     30000
weighted avg     0.8495    0.7519    0.7825     30000
