              precision    recall  f1-score   support

           0     0.9278    0.7361    0.8210     25942
           1     0.9751    0.9899    0.9825       396
           2     0.0000    0.0000    0.0000      1451
           3     0.5000    0.3693    0.4248       176
           4     0.0000    0.0000    0.0000      1094
           5     0.4156    0.8889    0.5664       108
           6     0.0718    0.9608    0.1336       459
           7     0.1420    1.0000    0.2487       344
           8     0.5000    1.0000    0.6667        30

    accuracy                         0.6822     30000
   macro avg     0.3925    0.6606    0.4271     30000
weighted avg     0.8229    0.6822    0.7330     30000
