              precision    recall  f1-score   support

           0     0.9194    0.9622    0.9403     25942
           1     1.0000    0.0076    0.0150       396
           2     0.0000    0.0000    0.0000      1451
           3     1.0000    0.4091    0.5806       176
           4     1.0000    0.0137    0.0271      1094
           5     0.9730    0.3333    0.4966       108
           6     0.2911    0.8671    0.4359       459
           7     0.9942    1.0000    0.9971       344
           8     0.0000    0.0000    0.0000        30

    accuracy                         0.8610     30000
   macro avg     0.6864    0.3992    0.3881     30000
weighted avg     0.8699    0.8610    0.8376     30000
