              precision    recall  f1-score   support

           0     0.5924    0.8083    0.6837     60481
           1     0.7979    0.5795    0.6714     72015
           2     0.8617    0.8571    0.8594      3359
           3     0.8333    0.8057    0.8193       211
           4     0.6591    0.4932    0.5642      1172
           5     0.7827    0.7602    0.7713      1497
           6     0.5312    0.3711    0.4370      6518

    accuracy                         0.6733    145253
   macro avg     0.7226    0.6679    0.6866    145253
weighted avg     0.7006    0.6733    0.6707    145253
