              precision    recall  f1-score   support

           0     0.9238    0.9745    0.9485     25980
           1     0.5000    0.0024    0.0047       423
           2     0.0000    0.0000    0.0000      1407
           3     0.9880    0.4881    0.6534       168
           4     0.9990    0.9241    0.9601      1094
           5     0.5193    0.9758    0.6779       124
           6     0.3977    0.7321    0.5154       433
           7     0.7216    1.0000    0.8383       337
           8     0.0000    0.0000    0.0000        34

    accuracy                         0.9062     30000
   macro avg     0.5610    0.5663    0.5109     30000
weighted avg     0.8650    0.9062    0.8798     30000
