              precision    recall  f1-score   support

           0     0.9092    0.9913    0.9485     25980
           1     0.9953    1.0000    0.9976       423
           2     0.0000    0.0000    0.0000      1407
           3     0.9868    0.8869    0.9342       168
           4     0.9925    0.1207    0.2152      1094
           5     0.9111    0.9919    0.9498       124
           6     0.5840    0.6582    0.6189       433
           7     0.9797    1.0000    0.9897       337
           8     0.0000    0.0000    0.0000        34

    accuracy                         0.9067     30000
   macro avg     0.7065    0.6277    0.6282     30000
weighted avg     0.8663    0.9067    0.8725     30000
