              precision    recall  f1-score   support

           0     0.7393    0.8021    0.7694     55899
           1     0.8537    0.8092    0.8309     90683
           2     0.6859    0.7065    0.6960      6171
           3     0.4043    0.5352    0.4606       142
           4     0.3516    0.3877    0.3688      1919
           5     0.6033    0.6080    0.6056      4579
           6     0.8612    0.7884    0.8232      5793

    accuracy                         0.7915    165186
   macro avg     0.6427    0.6624    0.6506    165186
weighted avg     0.7958    0.7915    0.7928    165186
