              precision    recall  f1-score   support

           0     0.9112    0.9968    0.9521     25980
           1     1.0000    0.0047    0.0094       423
           2     0.9905    0.3703    0.5391      1407
           3     1.0000    0.9940    0.9970       168
           4     0.8261    0.0174    0.0340      1094
           5     0.9841    1.0000    0.9920       124
           6     0.8149    0.7321    0.7713       433
           7     1.0000    1.0000    1.0000       337
           8     1.0000    0.2059    0.3415        34

    accuracy                         0.9131     30000
   macro avg     0.9474    0.5913    0.6263     30000
weighted avg     0.9135    0.9131    0.8836     30000
