              precision    recall  f1-score   support

           0     0.9794    0.8809    0.9275     25942
           1     0.0588    0.0025    0.0048       396
           2     0.9229    0.9904    0.9555      1451
           3     0.8030    0.9261    0.8602       176
           4     0.7089    0.1024    0.1789      1094
           5     0.8167    0.9074    0.8596       108
           6     0.1320    0.8736    0.2294       459
           7     0.2222    1.0000    0.3636       344
           8     0.8571    0.8000    0.8276        30

    accuracy                         0.8477     30000
   macro avg     0.6112    0.7204    0.5786     30000
weighted avg     0.9313    0.8477    0.8715     30000
