              precision    recall  f1-score   support

           0     0.8321    0.8228    0.8274     52563
           1     0.8577    0.8708    0.8642     71195
           2     0.7966    0.8331    0.8145      8923
           3     0.8097    0.6191    0.7017       701
           4     0.6445    0.5082    0.5683      2440
           5     0.6640    0.5308    0.5900      4286
           6     0.7834    0.8785    0.8282      5145

    accuracy                         0.8341    145253
   macro avg     0.7697    0.7233    0.7420    145253
weighted avg     0.8325    0.8341    0.8327    145253
