              precision    recall  f1-score   support

           0     0.6984    0.7683    0.7317     60481
           1     0.8019    0.7472    0.7736     72015
           2     0.8434    0.8386    0.8410      3359
           3     0.7181    0.8815    0.7915       211
           4     0.8496    0.3712    0.5166      1172
           5     0.7997    0.7495    0.7738      1497
           6     0.6564    0.6143    0.6346      6518

    accuracy                         0.7493    145253
   macro avg     0.7668    0.7101    0.7233    145253
weighted avg     0.7535    0.7493    0.7494    145253
