              precision    recall  f1-score   support

           0     0.9897    0.9946    0.9921     25980
           1     0.9929    0.9976    0.9953       423
           2     1.0000    0.9929    0.9964      1407
           3     1.0000    0.6190    0.7647       168
           4     1.0000    0.9580    0.9785      1094
           5     0.9213    0.9435    0.9323       124
           6     0.6882    0.6628    0.6753       433
           7     0.9883    1.0000    0.9941       337
           8     0.8788    0.8529    0.8657        34

    accuracy                         0.9860     30000
   macro avg     0.9399    0.8913    0.9105     30000
weighted avg     0.9859    0.9860    0.9857     30000
