              precision    recall  f1-score   support

           0     0.5531    0.8152    0.6590     60481
           1     0.7658    0.4898    0.5975     72015
           2     0.8178    0.8607    0.8387      3359
           3     0.7700    0.7773    0.7736       211
           4     0.6513    0.4701    0.5461      1172
           5     0.8110    0.6680    0.7326      1497
           6     0.6293    0.4078    0.4949      6518

    accuracy                         0.6323    145253
   macro avg     0.7140    0.6413    0.6632    145253
weighted avg     0.6719    0.6323    0.6253    145253
