              precision    recall  f1-score   support

           0     0.7761    0.7612    0.7686     55899
           1     0.8356    0.8620    0.8486     90683
           2     0.7558    0.6906    0.7218      6171
           3     0.4474    0.3592    0.3984       142
           4     0.5771    0.2262    0.3250      1919
           5     0.5815    0.6602    0.6183      4579
           6     0.8585    0.7563    0.8041      5793

    accuracy                         0.8044    165186
   macro avg     0.6903    0.6165    0.6407    165186
weighted avg     0.8029    0.8044    0.8023    165186
