              precision    recall  f1-score   support

           0     0.9984    0.9999    0.9992     11462
           1     0.9375    0.9375    0.9375        16
           2     1.0000    0.4865    0.6545        37
           3     0.9981    1.0000    0.9991      2134
           4     0.9988    0.9988    0.9988       849
           5     0.0000    0.0000    0.0000         1
           6     0.0000    0.0000    0.0000         1

    accuracy                         0.9983     14500
   macro avg     0.7047    0.6318    0.6556     14500
weighted avg     0.9982    0.9983    0.9981     14500
