              precision    recall  f1-score   support

           0     0.9982    0.9999    0.9990     12042
           1     1.0000    0.9286    0.9630        14
           2     1.0000    0.3929    0.5641        28
           3     0.9985    1.0000    0.9992      1314
           4     0.9991    0.9973    0.9982      1098
           5     1.0000    1.0000    1.0000         1
           6     0.0000    0.0000    0.0000         3

    accuracy                         0.9983     14500
   macro avg     0.8565    0.7598    0.7891     14500
weighted avg     0.9981    0.9983    0.9979     14500
