              precision    recall  f1-score   support

           0     0.8418    0.8059    0.8235     52563
           1     0.8431    0.8844    0.8632     71195
           2     0.8001    0.8460    0.8224      8923
           3     0.7617    0.6976    0.7282       701
           4     0.6579    0.3791    0.4810      2440
           5     0.7052    0.5614    0.6251      4286
           6     0.8106    0.8428    0.8264      5145

    accuracy                         0.8332    145253
   macro avg     0.7743    0.7167    0.7385    145253
weighted avg     0.8312    0.8332    0.8309    145253
