              precision    recall  f1-score   support

           0     0.9966    0.9994    0.9980     64122
           1     0.9962    0.9994    0.9978     54267
           2     0.9363    0.9066    0.9212      6030
           3     0.7855    0.8651    0.8234      2705
           4     0.9651    0.5102    0.6676       488
           5     0.9680    1.0000    0.9837       272
           6     0.0909    0.0049    0.0093       204
           7     1.0000    0.0294    0.0571        34
           8     0.0000    0.0000    0.0000         3
           9     0.0000    0.0000    0.0000         2

    accuracy                         0.9884    128127
   macro avg     0.6739    0.5315    0.5458    128127
weighted avg     0.9875    0.9884    0.9875    128127
