              precision    recall  f1-score   support

           0     0.9983    0.9999    0.9991     11462
           1     0.9167    0.6875    0.7857        16
           2     0.9474    0.4865    0.6429        37
           3     0.9972    1.0000    0.9986      2134
           4     1.0000    0.9953    0.9976       849
           5     0.0000    0.0000    0.0000         1
           6     0.0000    0.0000    0.0000         1

    accuracy                         0.9979     14500
   macro avg     0.6942    0.5956    0.6320     14500
weighted avg     0.9978    0.9979    0.9976     14500
