              precision    recall  f1-score   support

           0     0.9983    1.0000    0.9991     11462
           1     1.0000    0.5625    0.7200        16
           2     0.9412    0.4324    0.5926        37
           3     0.9949    1.0000    0.9974      2134
           4     1.0000    0.9976    0.9988       849
           5     0.0000    0.0000    0.0000         1
           6     0.0000    0.0000    0.0000         1

    accuracy                         0.9978     14500
   macro avg     0.7049    0.5704    0.6154     14500
weighted avg     0.9976    0.9978    0.9974     14500
