              precision    recall  f1-score   support

           0     0.9981    0.9998    0.9990     12042
           1     1.0000    0.9286    0.9630        14
           2     1.0000    0.3929    0.5641        28
           3     0.9992    0.9992    0.9992      1314
           4     0.9982    0.9973    0.9977      1098
           5     0.5000    1.0000    0.6667         1
           6     0.0000    0.0000    0.0000         3

    accuracy                         0.9981     14500
   macro avg     0.7851    0.7597    0.7414     14500
weighted avg     0.9980    0.9981    0.9978     14500
