              precision    recall  f1-score   support

           0     0.8569    0.8525    0.8547     52563
           1     0.8792    0.8842    0.8817     71195
           2     0.8494    0.8656    0.8574      8923
           3     0.8266    0.7004    0.7583       701
           4     0.6571    0.5828    0.6177      2440
           5     0.6825    0.7487    0.7141      4286
           6     0.8990    0.8395    0.8682      5145

    accuracy                         0.8601    145253
   macro avg     0.8072    0.7820    0.7932    145253
weighted avg     0.8602    0.8601    0.8600    145253
