              precision    recall  f1-score   support

           0     0.9872    1.0000    0.9936      2930
           1     0.4211    0.6667    0.5161        24
           2     0.9250    0.4458    0.6016        83
           3     0.9950    0.9938    0.9944      4171
           4     0.9953    0.9933    0.9943      1484
           5     0.0000    0.0000    0.0000         3
           6     0.0000    0.0000    0.0000         5

    accuracy                         0.9887      8700
   macro avg     0.6176    0.5856    0.5857      8700
weighted avg     0.9892    0.9887    0.9881      8700
