              precision    recall  f1-score   support

           0     0.7338    0.8614    0.7925     20805
           1     0.6895    0.9139    0.7860     27410
           2     0.8448    0.7442    0.7913     16241
           3     0.7023    0.6314    0.6650      1229
           4     0.9004    0.1006    0.1810      4314
           5     0.6584    0.4254    0.5168      7988
           6     0.9951    0.5801    0.7330      9165

    accuracy                         0.7456     87152
   macro avg     0.7892    0.6081    0.6379     87152
weighted avg     0.7689    0.7456    0.7266     87152
