              precision    recall  f1-score   support

           0     0.9977    0.9813    0.9894     64122
           1     0.9852    0.8335    0.9030     54267
           2     0.3672    0.9932    0.5362      6030
           3     0.8611    0.5364    0.6610      2705
           4     0.3785    0.6701    0.4837       488
           5     0.9819    1.0000    0.9909       272
           6     0.0000    0.0000    0.0000       204
           7     0.1000    0.0294    0.0455        34
           8     0.0000    0.0000    0.0000         3
           9     0.0000    0.0000    0.0000         2

    accuracy                         0.9069    128127
   macro avg     0.4672    0.5044    0.4610    128127
weighted avg     0.9556    0.9069    0.9208    128127
