              precision    recall  f1-score   support

           0     0.8883    0.9773    0.9307     25980
           1     1.0000    0.0047    0.0094       423
           2     0.0000    0.0000    0.0000      1407
           3     0.1949    0.1369    0.1608       168
           4     0.0000    0.0000    0.0000      1094
           5     0.6065    0.7581    0.6738       124
           6     0.3491    0.6467    0.4534       433
           7     1.0000    1.0000    1.0000       337
           8     0.0000    0.0000    0.0000        34

    accuracy                         0.8709     30000
   macro avg     0.4488    0.3915    0.3587     30000
weighted avg     0.8032    0.8709    0.8276     30000
