              precision    recall  f1-score   support

           0     0.9897    0.9863    0.9880     25980
           1     0.9837    1.0000    0.9918       423
           2     0.9383    0.9950    0.9659      1407
           3     0.9898    0.5774    0.7293       168
           4     0.9815    0.9717    0.9766      1094
           5     0.6842    0.9435    0.7932       124
           6     0.6953    0.6905    0.6929       433
           7     0.9883    1.0000    0.9941       337
           8     0.0462    0.0882    0.0606        34

    accuracy                         0.9788     30000
   macro avg     0.8108    0.8059    0.7992     30000
weighted avg     0.9803    0.9788    0.9791     30000
