              precision    recall  f1-score   support

           0     0.9915    0.9917    0.9916     25980
           1     0.9906    1.0000    0.9953       423
           2     0.9978    0.9588    0.9779      1407
           3     0.9774    0.7738    0.8638       168
           4     0.9917    0.9781    0.9848      1094
           5     0.8794    1.0000    0.9358       124
           6     0.6642    0.8268    0.7366       433
           7     1.0000    1.0000    1.0000       337
           8     0.6000    0.0882    0.1538        34

    accuracy                         0.9853     30000
   macro avg     0.8992    0.8464    0.8489     30000
weighted avg     0.9861    0.9853    0.9853     30000
