              precision    recall  f1-score   support

           0     0.7364    0.7914    0.7629     55899
           1     0.8447    0.8240    0.8342     90683
           2     0.7349    0.7141    0.7244      6171
           3     0.3984    0.3451    0.3698       142
           4     0.5367    0.2517    0.3427      1919
           5     0.6039    0.6685    0.6345      4579
           6     0.8961    0.7060    0.7898      5793

    accuracy                         0.7934    165186
   macro avg     0.6787    0.6144    0.6369    165186
weighted avg     0.7951    0.7934    0.7928    165186
