              precision    recall  f1-score   support

           0     0.9104    0.9936    0.9502     25980
           1     1.0000    0.0024    0.0047       423
           2     0.8834    0.3660    0.5176      1407
           3     1.0000    1.0000    1.0000       168
           4     0.8571    0.0219    0.0428      1094
           5     0.9520    0.9597    0.9558       124
           6     0.7742    0.7206    0.7464       433
           7     1.0000    1.0000    1.0000       337
           8     0.0000    0.0000    0.0000        34

    accuracy                         0.9096     30000
   macro avg     0.8197    0.5627    0.5797     30000
weighted avg     0.9071    0.9096    0.8803     30000
