              precision    recall  f1-score   support

           0     0.9270    0.9876    0.9563     25980
           1     0.0000    0.0000    0.0000       423
           2     0.0000    0.0000    0.0000      1407
           3     0.9688    0.5536    0.7045       168
           4     1.0000    0.9863    0.9931      1094
           5     0.6893    0.9839    0.8106       124
           6     0.6871    0.7760    0.7289       433
           7     0.7065    1.0000    0.8280       337
           8     0.6667    0.0588    0.1081        34

    accuracy                         0.9209     30000
   macro avg     0.6273    0.5940    0.5700     30000
weighted avg     0.8661    0.9209    0.8916     30000
