              precision    recall  f1-score   support

           0     0.9956    0.8060    0.8908     25977
           1     1.0000    1.0000    1.0000       394
           2     0.9871    0.9083    0.9460      1428
           3     1.0000    0.8634    0.9267       183
           4     0.9532    0.9558    0.9545      1108
           5     0.9677    0.6452    0.7742        93
           6     0.0808    0.9275    0.1487       483
           7     0.8504    1.0000    0.9192       307
           8     0.9231    0.8889    0.9057        27

    accuracy                         0.8228     30000
   macro avg     0.8620    0.8883    0.8295     30000
weighted avg     0.9773    0.8228    0.8855     30000
