              precision    recall  f1-score   support

           0     0.9865    1.0000    0.9932      2930
           1     1.0000    0.7917    0.8837        24
           2     0.9756    0.4819    0.6452        83
           3     0.9976    0.9993    0.9984      4171
           4     0.9926    0.9960    0.9943      1484
           5     0.6667    0.6667    0.6667         3
           6     0.0000    0.0000    0.0000         5

    accuracy                         0.9928      8700
   macro avg     0.8027    0.7051    0.7402      8700
weighted avg     0.9921    0.9928    0.9916      8700
