              precision    recall  f1-score   support

           0     0.9983    0.9999    0.9991     11462
           1     0.9091    0.6250    0.7407        16
           2     0.8947    0.4595    0.6071        37
           3     0.9958    1.0000    0.9979      2134
           4     1.0000    0.9965    0.9982       849
           5     0.0000    0.0000    0.0000         1
           6     0.0000    0.0000    0.0000         1

    accuracy                         0.9978     14500
   macro avg     0.6854    0.5830    0.6204     14500
weighted avg     0.9976    0.9978    0.9975     14500
