              precision    recall  f1-score   support

           0     0.9613    0.9975    0.9791     25980
           1     1.0000    1.0000    1.0000       423
           2     0.9980    0.3575    0.5264      1407
           3     1.0000    0.9762    0.9880       168
           4     1.0000    0.9954    0.9977      1094
           5     0.8551    0.9516    0.9008       124
           6     0.8675    0.7714    0.8166       433
           7     1.0000    1.0000    1.0000       337
           8     0.0000    0.0000    0.0000        34

    accuracy                         0.9628     30000
   macro avg     0.8535    0.7833    0.8009     30000
weighted avg     0.9627    0.9628    0.9553     30000
