              precision    recall  f1-score   support

           0     0.9600    0.9958    0.9776     25980
           1     0.9976    1.0000    0.9988       423
           2     0.9942    0.3667    0.5358      1407
           3     1.0000    1.0000    1.0000       168
           4     1.0000    0.9360    0.9669      1094
           5     0.9920    1.0000    0.9960       124
           6     0.7665    0.8037    0.7847       433
           7     1.0000    1.0000    1.0000       337
           8     0.0000    0.0000    0.0000        34

    accuracy                         0.9604     30000
   macro avg     0.8567    0.7891    0.8066     30000
weighted avg     0.9605    0.9604    0.9533     30000
