              precision    recall  f1-score   support

           0     0.9928    1.0000    0.9964     64181
           1     0.9804    0.9998    0.9900     54172
           2     0.9252    0.7675    0.8390      6111
           3     0.8128    0.8615    0.8364      2707
           4     0.7027    0.0530    0.0985       491
           5     0.9844    1.0000    0.9922       253
           6     1.0000    0.0058    0.0115       173
           7     0.1111    0.0286    0.0455        35
           8     0.0000    0.0000    0.0000         3
           9     0.0000    0.0000    0.0000         1

    accuracy                         0.9806    128127
   macro avg     0.6510    0.4716    0.4809    128127
weighted avg     0.9792    0.9806    0.9778    128127
