              precision    recall  f1-score   support

           0     0.9258    0.9970    0.9600     25980
           1     0.9976    0.9976    0.9976       423
           2     1.0000    0.3390    0.5064      1407
           3     1.0000    1.0000    1.0000       168
           4     0.9740    0.0686    0.1281      1094
           5     0.9920    1.0000    0.9960       124
           6     0.8168    0.7206    0.7656       433
           7     0.9970    1.0000    0.9985       337
           8     0.8438    0.7941    0.8182        34

    accuracy                         0.9281     30000
   macro avg     0.9497    0.7685    0.7967     30000
weighted avg     0.9318    0.9281    0.9068     30000
