              precision    recall  f1-score   support

           0     0.8603    0.8457    0.8530     52563
           1     0.8675    0.8940    0.8806     71195
           2     0.8251    0.8793    0.8513      8923
           3     0.8399    0.6733    0.7474       701
           4     0.7236    0.4980    0.5899      2440
           5     0.7547    0.6510    0.6990      4286
           6     0.9203    0.8523    0.8850      5145

    accuracy                         0.8593    145253
   macro avg     0.8273    0.7562    0.7866    145253
weighted avg     0.8583    0.8593    0.8581    145253
