              precision    recall  f1-score   support

           0     0.7472    0.8421    0.7918     20805
           1     0.6915    0.9252    0.7915     27410
           2     0.8187    0.7297    0.7716     16241
           3     0.7958    0.5264    0.6337      1229
           4     0.9308    0.1903    0.3160      4314
           5     0.6237    0.4286    0.5081      7988
           6     0.9963    0.5840    0.7363      9165

    accuracy                         0.7455     87152
   macro avg     0.8006    0.6038    0.6499     87152
weighted avg     0.7676    0.7455    0.7303     87152
