              precision    recall  f1-score   support

           0     0.9970    1.0000    0.9985     11148
           1     0.7143    0.4167    0.5263        12
           2     0.8000    0.4912    0.6087        57
           3     0.9976    0.9993    0.9985      2954
           4     0.9962    0.9952    0.9957      1044
           5     0.0000    0.0000    0.0000         4
           6     0.0000    0.0000    0.0000         6

    accuracy                         0.9965     15225
   macro avg     0.6436    0.5575    0.5897     15225
weighted avg     0.9955    0.9965    0.9958     15225
