              precision    recall  f1-score   support

           0     0.6421    0.7479    0.6910     60481
           1     0.7784    0.6890    0.7310     72015
           2     0.8537    0.8723    0.8629      3359
           3     0.7194    0.8626    0.7845       211
           4     0.7286    0.3780    0.4978      1172
           5     0.7807    0.7301    0.7546      1497
           6     0.5723    0.4716    0.5171      6518

    accuracy                         0.7062    145253
   macro avg     0.7250    0.6788    0.6913    145253
weighted avg     0.7137    0.7062    0.7062    145253
