              precision    recall  f1-score   support

           0     0.9046    0.9985    0.9493     25980
           1     1.0000    1.0000    1.0000       423
           2     0.0000    0.0000    0.0000      1407
           3     1.0000    0.0476    0.0909       168
           4     0.0000    0.0000    0.0000      1094
           5     1.0000    1.0000    1.0000       124
           6     0.9062    0.8476    0.8759       433
           7     1.0000    1.0000    1.0000       337
           8     1.0000    0.7647    0.8667        34

    accuracy                         0.9076     30000
   macro avg     0.7568    0.6287    0.6425     30000
weighted avg     0.8327    0.9076    0.8657     30000
