              precision    recall  f1-score   support

           0     0.9259    0.9244    0.9252     25942
           1     1.0000    0.0076    0.0150       396
           2     0.0000    0.0000    0.0000      1451
           3     0.9888    1.0000    0.9944       176
           4     0.9948    0.1737    0.2957      1094
           5     0.9896    0.8796    0.9314       108
           6     0.1249    0.8780    0.2187       459
           7     0.9247    1.0000    0.9609       344
           8     0.7059    0.8000    0.7500        30

    accuracy                         0.8405     30000
   macro avg     0.7394    0.6293    0.5657     30000
weighted avg     0.8727    0.8405    0.8353     30000
