Dataset: bodmas
Method: random
Budget: 160

Multiclass Metrics:
Accuracy      : 0.8712
Precision (M) : 0.4540
Recall    (M) : 0.4370
F1-score  (M) : 0.4263
Precision (m) : 0.8712
Recall    (m) : 0.8712
F1-score  (m) : 0.8712

Binary Metrics (0 vs rest):
Precision: 0.9907
Recall   : 0.9445
F1-score : 0.9671

Classification Report (multiclass):
              precision    recall  f1-score   support

           0       0.96      0.99      0.97      2197
           2       0.00      0.00      0.00         1
           5       0.83      0.83      0.83         6
           6       0.00      0.00      0.00         1
          11       0.00      0.00      0.00         2
          12       1.00      0.89      0.94         9
          19       0.86      0.46      0.60        13
          20       0.00      0.00      0.00         2
          22       0.88      0.88      0.88        40
          25       0.99      0.84      0.91        87
          27       0.00      0.00      0.00         1
          29       0.00      0.00      0.00         1
          32       1.00      0.33      0.50         3
          35       1.00      1.00      1.00        16
          36       0.77      0.98      0.87        66
          37       1.00      1.00      1.00         1
          42       0.00      0.00      0.00         0
          43       1.00      0.96      0.98        46
          45       0.60      0.50      0.55         6
          48       1.00      0.50      0.67         4
          50       0.00      0.00      0.00         1
          52       0.00      0.00      0.00         1
          55       1.00      1.00      1.00         2
          57       1.00      1.00      1.00         1
          59       0.00      0.00      0.00         2
          60       0.80      0.73      0.76        11
          62       0.00      0.00      0.00         1
          63       0.00      0.00      0.00         1
          64       1.00      0.25      0.40         4
          68       0.00      0.00      0.00         4
          72       0.87      0.87      0.87        15
          73       0.67      0.67      0.67         3
          76       0.00      0.00      0.00         1
          78       0.00      0.00      0.00         1
          79       1.00      1.00      1.00         2
          80       0.00      0.00      0.00         2
          82       0.68      0.60      0.64        25
          83       0.00      0.00      0.00         1
          85       0.00      0.00      0.00         1
          86       0.44      0.50      0.47        78
          88       0.00      0.00      0.00        12
          89       0.33      0.25      0.29         4
          90       1.00      0.88      0.93         8
          93       0.00      0.00      0.00         2
          94       0.50      1.00      0.67         1
          95       0.50      1.00      0.67         1
          96       1.00      1.00      1.00         1
          97       0.00      0.00      0.00         1
          98       0.00      0.00      0.00         1
          99       0.00      0.00      0.00         1
         100       0.00      0.00      0.00         2
         101       0.00      0.00      0.00         1
         103       0.00      0.00      0.00         1
         104       1.00      1.00      1.00         1
         105       0.00      0.00      0.00         2
         109       0.00      0.00      0.00         1
         110       1.00      1.00      1.00         1
         113       1.00      0.50      0.67         2
         114       1.00      0.25      0.40         8
         117       0.40      1.00      0.57         6
         118       0.00      0.00      0.00         0
         123       0.26      0.25      0.26        51
         124       0.00      0.00      0.00         2
         127       0.00      0.00      0.00         2
         128       0.00      0.00      0.00         1
         129       0.88      1.00      0.94        38
         130       1.00      0.50      0.67         2
         131       0.81      0.81      0.81        16
         133       0.00      0.00      0.00         1
         134       1.00      1.00      1.00         1
         138       0.83      0.85      0.84        46
         139       0.00      0.00      0.00         3
         141       1.00      1.00      1.00         2
         143       0.00      0.00      0.00         1
         144       0.00      0.00      0.00         1
         145       1.00      1.00      1.00         1
         147       0.33      0.50      0.40         2
         150       0.00      0.00      0.00         1
         152       0.00      0.00      0.00         2
         154       0.00      0.00      0.00         1
         156       0.00      0.00      0.00         1
         158       1.00      0.50      0.67         2
         159       1.00      1.00      1.00         1
         160       0.44      1.00      0.62         4
         162       1.00      1.00      1.00         1
         165       0.00      0.00      0.00         1
         168       1.00      1.00      1.00         1
         169       1.00      1.00      1.00         1
         170       1.00      1.00      1.00         2
         172       0.00      0.00      0.00         1
         176       0.00      0.00      0.00         1
         180       0.00      0.00      0.00         1
         182       0.75      0.80      0.77        15
         186       1.00      0.33      0.50         3
         188       0.00      0.00      0.00         1
         193       1.00      0.82      0.90        67
         195       0.20      1.00      0.33         1
         196       1.00      0.89      0.94         9
         197       1.00      0.56      0.71         9
         198       0.00      0.00      0.00         1
         199       0.50      1.00      0.67         1
         200       0.97      1.00      0.99        34
         201       0.75      1.00      0.86         3
         202       0.00      0.00      0.00         1
         203       0.00      0.00      0.00         2
         207       0.00      0.00      0.00         0
         208       0.71      1.00      0.83         5
         211       0.00      0.00      0.00         1
         212       1.00      0.50      0.67         2
         213       0.00      0.00      0.00         1
         214       0.00      0.00      0.00        12
         215       0.00      0.00      0.00         6
         217       1.00      0.32      0.49        37
         219       0.00      0.00      0.00         1
         223       0.95      0.95      0.95        21
         227       0.00      0.00      0.00         3
         229       0.86      1.00      0.92         6
         231       0.00      0.00      0.00         2
         236       1.00      1.00      1.00         1
         237       0.00      0.00      0.00         0
         238       0.00      0.00      0.00         7
         239       1.00      0.50      0.67         2
         241       0.86      1.00      0.92         6
         242       1.00      1.00      1.00        17
         243       0.00      0.00      0.00         1
         246       1.00      1.00      1.00         1
         247       0.00      0.00      0.00         1
         248       0.00      0.00      0.00         1
         251       0.00      0.00      0.00         1
         257       0.00      0.00      0.00         1
         260       1.00      1.00      1.00         2
         262       0.50      1.00      0.67         1
         263       1.00      1.00      1.00         1
         266       0.92      1.00      0.96        12
         267       0.00      0.00      0.00         0
         268       1.00      1.00      1.00         1
         269       1.00      1.00      1.00         3
         271       0.00      0.00      0.00         4
         272       0.82      0.88      0.85        26
         273       1.00      1.00      1.00         1
         274       1.00      1.00      1.00         1
         275       0.00      0.00      0.00         0
         276       0.00      0.00      0.00         3
         278       0.92      1.00      0.96        11
         279       1.00      0.25      0.40         4
         280       0.95      0.95      0.95       111
         281       0.04      1.00      0.08         1
         282       0.00      0.00      0.00         2
         284       1.00      0.25      0.40         4
         286       0.00      0.00      0.00         1
         287       0.00      0.00      0.00         2
         289       1.00      1.00      1.00         8
         290       1.00      1.00      1.00         2
         294       0.00      0.00      0.00         1
         295       0.64      0.90      0.75        10
         296       0.00      0.00      0.00         1
         297       0.80      1.00      0.89         8
         298       0.00      0.00      0.00         6
         299       0.00      0.00      0.00         6
         300       0.00      0.00      0.00         1
         302       1.00      1.00      1.00         1
         304       0.00      0.00      0.00         2
         305       0.00      0.00      0.00         2
         306       0.00      0.00      0.00         1
         310       0.00      0.00      0.00         2
         312       1.00      0.90      0.95        20
         313       0.00      0.00      0.00         0
         315       0.89      0.97      0.93       155
         317       0.73      0.89      0.80        18
         318       0.50      0.50      0.50         2
         320       0.67      0.80      0.73         5
         321       1.00      1.00      1.00         2
         324       1.00      1.00      1.00         7
         325       0.00      0.00      0.00         1
         330       0.00      0.00      0.00         1
         332       1.00      0.62      0.77         8
         334       1.00      1.00      1.00         1
         335       0.98      1.00      0.99        44
         336       0.60      0.64      0.62       290
         338       0.00      0.00      0.00         1
         342       0.00      0.00      0.00         1
         344       0.00      0.00      0.00         1
         347       0.00      0.00      0.00         0
         349       0.83      0.56      0.67         9
         350       0.00      0.00      0.00         2

    accuracy                           0.87      4000
   macro avg       0.45      0.44      0.43      4000
weighted avg       0.86      0.87      0.86      4000
