Dataset: bodmas
Method: margin
Budget: 160

Multiclass Metrics:
Accuracy      : 0.8688
Precision (M) : 0.4538
Recall    (M) : 0.4585
F1-score  (M) : 0.4399
Precision (m) : 0.8688
Recall    (m) : 0.8688
F1-score  (m) : 0.8688

Binary Metrics (0 vs rest):
Precision: 0.9935
Recall   : 0.9334
F1-score : 0.9625

Classification Report (multiclass):
              precision    recall  f1-score   support

           0       0.95      0.99      0.97      2197
           2       0.00      0.00      0.00         1
           5       0.83      0.83      0.83         6
           6       0.00      0.00      0.00         1
          11       0.00      0.00      0.00         2
          12       0.36      1.00      0.53         9
          19       0.00      0.00      0.00        13
          20       0.00      0.00      0.00         2
          22       0.84      0.95      0.89        40
          25       0.89      0.90      0.89        87
          27       0.00      0.00      0.00         1
          29       0.00      0.00      0.00         1
          32       1.00      0.33      0.50         3
          35       1.00      1.00      1.00        16
          36       0.78      1.00      0.87        66
          37       0.00      0.00      0.00         1
          43       0.98      0.96      0.97        46
          45       0.43      0.50      0.46         6
          48       1.00      1.00      1.00         4
          50       0.00      0.00      0.00         1
          52       0.00      0.00      0.00         1
          55       0.67      1.00      0.80         2
          57       0.33      1.00      0.50         1
          59       0.00      0.00      0.00         2
          60       0.89      0.73      0.80        11
          62       0.00      0.00      0.00         1
          63       0.00      0.00      0.00         1
          64       0.50      0.25      0.33         4
          68       0.00      0.00      0.00         4
          72       0.87      0.87      0.87        15
          73       0.67      0.67      0.67         3
          76       0.00      0.00      0.00         1
          78       0.00      0.00      0.00         1
          79       1.00      1.00      1.00         2
          80       0.00      0.00      0.00         2
          82       1.00      0.92      0.96        25
          83       0.00      0.00      0.00         1
          85       0.00      0.00      0.00         1
          86       0.41      0.62      0.49        78
          88       0.00      0.00      0.00        12
          89       0.60      0.75      0.67         4
          90       1.00      0.88      0.93         8
          93       0.00      0.00      0.00         2
          94       0.50      1.00      0.67         1
          95       1.00      1.00      1.00         1
          96       1.00      1.00      1.00         1
          97       0.00      0.00      0.00         1
          98       0.00      0.00      0.00         1
          99       0.00      0.00      0.00         1
         100       0.00      0.00      0.00         2
         101       0.00      0.00      0.00         1
         103       0.00      0.00      0.00         1
         104       1.00      1.00      1.00         1
         105       0.00      0.00      0.00         2
         109       0.00      0.00      0.00         1
         110       1.00      1.00      1.00         1
         113       1.00      0.50      0.67         2
         114       1.00      0.25      0.40         8
         117       0.83      0.83      0.83         6
         123       0.25      0.12      0.16        51
         124       0.00      0.00      0.00         2
         127       0.00      0.00      0.00         2
         128       0.00      0.00      0.00         1
         129       0.86      1.00      0.93        38
         130       1.00      0.50      0.67         2
         131       0.94      0.94      0.94        16
         133       0.00      0.00      0.00         1
         134       1.00      1.00      1.00         1
         138       0.82      0.80      0.81        46
         139       0.00      0.00      0.00         3
         141       1.00      1.00      1.00         2
         143       0.00      0.00      0.00         1
         144       0.00      0.00      0.00         1
         145       1.00      1.00      1.00         1
         147       0.20      0.50      0.29         2
         150       0.00      0.00      0.00         1
         152       0.00      0.00      0.00         2
         154       0.00      0.00      0.00         1
         156       1.00      1.00      1.00         1
         158       0.00      0.00      0.00         2
         159       1.00      1.00      1.00         1
         160       0.80      1.00      0.89         4
         162       1.00      1.00      1.00         1
         165       0.00      0.00      0.00         1
         166       0.00      0.00      0.00         0
         168       1.00      1.00      1.00         1
         169       1.00      1.00      1.00         1
         170       1.00      1.00      1.00         2
         172       0.00      0.00      0.00         1
         176       0.00      0.00      0.00         1
         180       1.00      1.00      1.00         1
         182       0.74      0.93      0.82        15
         186       1.00      0.33      0.50         3
         188       0.00      0.00      0.00         1
         193       1.00      0.82      0.90        67
         195       0.00      0.00      0.00         1
         196       1.00      0.89      0.94         9
         197       0.86      0.67      0.75         9
         198       0.00      0.00      0.00         1
         199       0.50      1.00      0.67         1
         200       0.97      0.94      0.96        34
         201       0.75      1.00      0.86         3
         202       0.00      0.00      0.00         1
         203       0.00      0.00      0.00         2
         208       0.83      1.00      0.91         5
         211       0.00      0.00      0.00         1
         212       1.00      0.50      0.67         2
         213       0.00      0.00      0.00         1
         214       0.00      0.00      0.00        12
         215       0.00      0.00      0.00         6
         216       0.00      0.00      0.00         0
         217       1.00      0.32      0.49        37
         219       0.00      0.00      0.00         1
         223       0.95      0.95      0.95        21
         227       0.00      0.00      0.00         3
         229       1.00      1.00      1.00         6
         231       0.05      0.50      0.10         2
         236       0.50      1.00      0.67         1
         237       0.00      0.00      0.00         0
         238       0.00      0.00      0.00         7
         239       1.00      0.50      0.67         2
         241       0.86      1.00      0.92         6
         242       0.81      1.00      0.89        17
         243       0.00      0.00      0.00         1
         246       0.50      1.00      0.67         1
         247       0.00      0.00      0.00         1
         248       0.00      0.00      0.00         1
         251       0.00      0.00      0.00         1
         257       0.00      0.00      0.00         1
         260       1.00      1.00      1.00         2
         262       1.00      1.00      1.00         1
         263       1.00      1.00      1.00         1
         266       0.92      1.00      0.96        12
         268       1.00      1.00      1.00         1
         269       1.00      1.00      1.00         3
         271       0.00      0.00      0.00         4
         272       0.58      1.00      0.73        26
         273       1.00      1.00      1.00         1
         274       1.00      1.00      1.00         1
         275       0.00      0.00      0.00         0
         276       0.00      0.00      0.00         3
         278       0.92      1.00      0.96        11
         279       1.00      0.25      0.40         4
         280       0.98      0.80      0.88       111
         281       0.00      0.00      0.00         1
         282       0.40      1.00      0.57         2
         284       1.00      0.25      0.40         4
         286       0.00      0.00      0.00         1
         287       0.00      0.00      0.00         2
         289       1.00      1.00      1.00         8
         290       1.00      1.00      1.00         2
         294       1.00      1.00      1.00         1
         295       0.62      1.00      0.77        10
         296       0.00      0.00      0.00         1
         297       0.80      1.00      0.89         8
         298       0.00      0.00      0.00         6
         299       0.00      0.00      0.00         6
         300       0.00      0.00      0.00         1
         302       1.00      1.00      1.00         1
         304       0.00      0.00      0.00         2
         305       0.00      0.00      0.00         2
         306       0.00      0.00      0.00         1
         310       0.00      0.00      0.00         2
         312       1.00      0.90      0.95        20
         315       0.89      0.94      0.92       155
         317       0.85      0.94      0.89        18
         318       0.50      0.50      0.50         2
         320       0.67      0.80      0.73         5
         321       1.00      1.00      1.00         2
         324       1.00      1.00      1.00         7
         325       0.00      0.00      0.00         1
         330       0.00      0.00      0.00         1
         332       0.73      1.00      0.84         8
         334       1.00      1.00      1.00         1
         335       0.96      1.00      0.98        44
         336       0.64      0.56      0.59       290
         338       0.00      0.00      0.00         1
         342       0.00      0.00      0.00         1
         344       0.00      0.00      0.00         1
         347       0.00      0.00      0.00         0
         349       0.62      0.56      0.59         9
         350       0.00      0.00      0.00         2

    accuracy                           0.87      4000
   macro avg       0.45      0.46      0.44      4000
weighted avg       0.85      0.87      0.85      4000
