Dataset: bodmas
Method: upper
Budget: 800

Multiclass Metrics:
Accuracy      : 0.9295
Precision (M) : 0.6453
Recall    (M) : 0.6327
F1-score  (M) : 0.6278
Precision (m) : 0.9295
Recall    (m) : 0.9295
F1-score  (m) : 0.9295

Binary Metrics (0 vs rest):
Precision: 0.9966
Recall   : 0.9800
F1-score : 0.9883

Classification Report (multiclass):
              precision    recall  f1-score   support

           0       0.98      1.00      0.99      2197
           2       1.00      1.00      1.00         1
           5       0.83      0.83      0.83         6
           6       1.00      1.00      1.00         1
          11       1.00      1.00      1.00         2
          12       1.00      1.00      1.00         9
          19       0.86      0.92      0.89        13
          20       0.50      0.50      0.50         2
          22       0.88      0.95      0.92        40
          25       0.97      0.95      0.96        87
          27       0.00      0.00      0.00         1
          29       1.00      1.00      1.00         1
          32       1.00      1.00      1.00         3
          35       1.00      1.00      1.00        16
          36       0.93      0.94      0.93        66
          37       0.00      0.00      0.00         1
          43       0.98      0.96      0.97        46
          45       0.86      1.00      0.92         6
          46       0.00      0.00      0.00         0
          48       1.00      1.00      1.00         4
          50       0.00      0.00      0.00         1
          52       1.00      1.00      1.00         1
          55       1.00      1.00      1.00         2
          57       1.00      1.00      1.00         1
          59       0.00      0.00      0.00         2
          60       1.00      0.91      0.95        11
          62       0.00      0.00      0.00         1
          63       1.00      1.00      1.00         1
          64       1.00      0.50      0.67         4
          68       0.50      0.75      0.60         4
          72       0.88      0.93      0.90        15
          73       1.00      0.33      0.50         3
          76       0.00      0.00      0.00         1
          77       0.00      0.00      0.00         0
          78       0.00      0.00      0.00         1
          79       1.00      1.00      1.00         2
          80       1.00      0.50      0.67         2
          82       1.00      1.00      1.00        25
          83       0.00      0.00      0.00         1
          85       0.00      0.00      0.00         1
          86       0.66      0.73      0.69        78
          88       0.33      0.33      0.33        12
          89       0.60      0.75      0.67         4
          90       0.89      1.00      0.94         8
          93       1.00      1.00      1.00         2
          94       0.50      1.00      0.67         1
          95       0.33      1.00      0.50         1
          96       1.00      1.00      1.00         1
          97       0.00      0.00      0.00         1
          98       1.00      1.00      1.00         1
          99       0.00      0.00      0.00         1
         100       1.00      0.50      0.67         2
         101       0.00      0.00      0.00         1
         103       0.00      0.00      0.00         1
         104       1.00      1.00      1.00         1
         105       0.00      0.00      0.00         2
         109       0.00      0.00      0.00         1
         110       1.00      1.00      1.00         1
         113       1.00      0.50      0.67         2
         114       1.00      0.75      0.86         8
         117       1.00      1.00      1.00         6
         123       0.35      0.22      0.27        51
         124       0.00      0.00      0.00         2
         126       0.00      0.00      0.00         0
         127       1.00      1.00      1.00         2
         128       0.00      0.00      0.00         1
         129       0.95      0.97      0.96        38
         130       1.00      0.50      0.67         2
         131       1.00      1.00      1.00        16
         133       0.00      0.00      0.00         1
         134       1.00      1.00      1.00         1
         138       0.91      0.89      0.90        46
         139       1.00      1.00      1.00         3
         141       1.00      1.00      1.00         2
         143       0.00      0.00      0.00         1
         144       0.00      0.00      0.00         1
         145       1.00      1.00      1.00         1
         147       0.50      0.50      0.50         2
         150       0.00      0.00      0.00         1
         152       0.00      0.00      0.00         2
         153       0.00      0.00      0.00         0
         154       1.00      1.00      1.00         1
         156       1.00      1.00      1.00         1
         158       1.00      1.00      1.00         2
         159       1.00      1.00      1.00         1
         160       1.00      0.75      0.86         4
         162       1.00      1.00      1.00         1
         165       0.00      0.00      0.00         1
         168       1.00      1.00      1.00         1
         169       1.00      1.00      1.00         1
         170       1.00      1.00      1.00         2
         172       0.00      0.00      0.00         1
         176       0.00      0.00      0.00         1
         180       0.00      0.00      0.00         1
         182       0.74      0.93      0.82        15
         186       1.00      0.33      0.50         3
         188       0.00      0.00      0.00         1
         189       0.00      0.00      0.00         0
         193       0.95      0.93      0.94        67
         195       1.00      1.00      1.00         1
         196       1.00      0.89      0.94         9
         197       1.00      1.00      1.00         9
         198       1.00      1.00      1.00         1
         199       1.00      1.00      1.00         1
         200       0.97      1.00      0.99        34
         201       0.75      1.00      0.86         3
         202       0.00      0.00      0.00         1
         203       0.00      0.00      0.00         2
         208       0.83      1.00      0.91         5
         211       1.00      1.00      1.00         1
         212       1.00      1.00      1.00         2
         213       1.00      1.00      1.00         1
         214       0.25      0.08      0.12        12
         215       1.00      1.00      1.00         6
         216       0.00      0.00      0.00         0
         217       0.81      0.95      0.88        37
         219       0.00      0.00      0.00         1
         223       1.00      1.00      1.00        21
         227       1.00      0.33      0.50         3
         229       1.00      1.00      1.00         6
         231       0.00      0.00      0.00         2
         236       1.00      1.00      1.00         1
         238       1.00      1.00      1.00         7
         239       1.00      0.50      0.67         2
         241       1.00      1.00      1.00         6
         242       0.89      0.94      0.91        17
         243       1.00      1.00      1.00         1
         246       1.00      1.00      1.00         1
         247       0.00      0.00      0.00         1
         248       0.00      0.00      0.00         1
         251       0.00      0.00      0.00         1
         257       1.00      1.00      1.00         1
         260       1.00      1.00      1.00         2
         262       1.00      1.00      1.00         1
         263       1.00      1.00      1.00         1
         266       0.92      1.00      0.96        12
         268       1.00      1.00      1.00         1
         269       1.00      1.00      1.00         3
         271       0.00      0.00      0.00         4
         272       0.96      1.00      0.98        26
         273       1.00      1.00      1.00         1
         274       1.00      1.00      1.00         1
         276       0.50      0.33      0.40         3
         278       0.92      1.00      0.96        11
         279       0.00      0.00      0.00         4
         280       0.97      0.95      0.96       111
         281       0.33      1.00      0.50         1
         282       0.67      1.00      0.80         2
         284       0.67      1.00      0.80         4
         286       1.00      1.00      1.00         1
         287       1.00      0.50      0.67         2
         289       1.00      1.00      1.00         8
         290       1.00      1.00      1.00         2
         294       1.00      1.00      1.00         1
         295       0.77      1.00      0.87        10
         296       0.00      0.00      0.00         1
         297       1.00      1.00      1.00         8
         298       0.33      0.17      0.22         6
         299       0.75      0.50      0.60         6
         300       0.00      0.00      0.00         1
         302       0.50      1.00      0.67         1
         304       1.00      1.00      1.00         2
         305       0.00      0.00      0.00         2
         306       0.00      0.00      0.00         1
         310       0.00      0.00      0.00         2
         312       1.00      0.95      0.97        20
         315       0.91      0.99      0.95       155
         317       0.85      0.94      0.89        18
         318       1.00      0.50      0.67         2
         320       1.00      1.00      1.00         5
         321       1.00      1.00      1.00         2
         324       1.00      1.00      1.00         7
         325       0.00      0.00      0.00         1
         330       0.00      0.00      0.00         1
         332       0.89      1.00      0.94         8
         334       1.00      1.00      1.00         1
         335       0.96      1.00      0.98        44
         336       0.76      0.79      0.78       290
         337       0.00      0.00      0.00         0
         338       0.00      0.00      0.00         1
         342       0.00      0.00      0.00         1
         344       1.00      1.00      1.00         1
         345       0.00      0.00      0.00         0
         349       1.00      0.67      0.80         9
         350       0.33      0.50      0.40         2

    accuracy                           0.93      4000
   macro avg       0.65      0.63      0.63      4000
weighted avg       0.92      0.93      0.92      4000
