Dataset: bodmas
Method: upper
Budget: 160

Multiclass Metrics:
Accuracy      : 0.9315
Precision (M) : 0.6292
Recall    (M) : 0.6198
F1-score  (M) : 0.6133
Precision (m) : 0.9315
Recall    (m) : 0.9315
F1-score  (m) : 0.9315

Binary Metrics (0 vs rest):
Precision: 0.9972
Recall   : 0.9817
F1-score : 0.9894

Classification Report (multiclass):
              precision    recall  f1-score   support

           0       0.99      1.00      0.99      2197
           2       1.00      1.00      1.00         1
           5       0.83      0.83      0.83         6
           6       0.33      1.00      0.50         1
          11       1.00      1.00      1.00         2
          12       0.90      1.00      0.95         9
          19       0.92      0.85      0.88        13
          20       0.00      0.00      0.00         2
          22       0.89      0.97      0.93        40
          25       0.94      0.97      0.95        87
          27       0.00      0.00      0.00         1
          29       1.00      1.00      1.00         1
          32       1.00      1.00      1.00         3
          35       1.00      1.00      1.00        16
          36       0.95      0.94      0.95        66
          37       1.00      1.00      1.00         1
          42       0.00      0.00      0.00         0
          43       1.00      0.98      0.99        46
          45       0.75      1.00      0.86         6
          46       0.00      0.00      0.00         0
          48       1.00      1.00      1.00         4
          50       0.00      0.00      0.00         1
          52       1.00      1.00      1.00         1
          55       1.00      1.00      1.00         2
          57       1.00      1.00      1.00         1
          59       0.00      0.00      0.00         2
          60       0.91      0.91      0.91        11
          62       0.00      0.00      0.00         1
          63       0.00      0.00      0.00         1
          64       1.00      0.50      0.67         4
          68       0.75      0.75      0.75         4
          72       0.93      0.87      0.90        15
          73       0.67      0.67      0.67         3
          76       0.00      0.00      0.00         1
          78       0.00      0.00      0.00         1
          79       1.00      1.00      1.00         2
          80       1.00      0.50      0.67         2
          82       1.00      1.00      1.00        25
          83       0.00      0.00      0.00         1
          85       0.00      0.00      0.00         1
          86       0.82      0.64      0.72        78
          88       0.38      0.25      0.30        12
          89       0.75      0.75      0.75         4
          90       0.89      1.00      0.94         8
          92       0.00      0.00      0.00         0
          93       1.00      1.00      1.00         2
          94       0.00      0.00      0.00         1
          95       0.50      1.00      0.67         1
          96       1.00      1.00      1.00         1
          97       1.00      1.00      1.00         1
          98       1.00      1.00      1.00         1
          99       0.00      0.00      0.00         1
         100       1.00      0.50      0.67         2
         101       0.00      0.00      0.00         1
         102       0.00      0.00      0.00         0
         103       0.00      0.00      0.00         1
         104       0.20      1.00      0.33         1
         105       0.00      0.00      0.00         2
         109       0.00      0.00      0.00         1
         110       1.00      1.00      1.00         1
         113       1.00      0.50      0.67         2
         114       0.86      0.75      0.80         8
         117       0.86      1.00      0.92         6
         123       0.39      0.33      0.36        51
         124       0.00      0.00      0.00         2
         126       0.00      0.00      0.00         0
         127       1.00      1.00      1.00         2
         128       0.00      0.00      0.00         1
         129       0.90      0.97      0.94        38
         130       1.00      0.50      0.67         2
         131       1.00      1.00      1.00        16
         133       0.00      0.00      0.00         1
         134       1.00      1.00      1.00         1
         138       0.89      0.87      0.88        46
         139       1.00      1.00      1.00         3
         141       1.00      1.00      1.00         2
         143       0.00      0.00      0.00         1
         144       0.00      0.00      0.00         1
         145       1.00      1.00      1.00         1
         147       0.50      1.00      0.67         2
         150       0.00      0.00      0.00         1
         152       0.00      0.00      0.00         2
         153       0.00      0.00      0.00         0
         154       1.00      1.00      1.00         1
         156       1.00      1.00      1.00         1
         158       0.67      1.00      0.80         2
         159       1.00      1.00      1.00         1
         160       1.00      1.00      1.00         4
         162       1.00      1.00      1.00         1
         165       0.00      0.00      0.00         1
         168       1.00      1.00      1.00         1
         169       1.00      1.00      1.00         1
         170       1.00      1.00      1.00         2
         172       0.00      0.00      0.00         1
         176       0.00      0.00      0.00         1
         179       0.00      0.00      0.00         0
         180       1.00      1.00      1.00         1
         182       0.72      0.87      0.79        15
         186       1.00      0.33      0.50         3
         188       0.00      0.00      0.00         1
         190       0.00      0.00      0.00         0
         193       0.95      0.94      0.95        67
         195       1.00      1.00      1.00         1
         196       1.00      0.89      0.94         9
         197       0.82      1.00      0.90         9
         198       0.00      0.00      0.00         1
         199       0.00      0.00      0.00         1
         200       0.97      1.00      0.99        34
         201       0.50      1.00      0.67         3
         202       0.00      0.00      0.00         1
         203       0.00      0.00      0.00         2
         208       0.83      1.00      0.91         5
         211       1.00      1.00      1.00         1
         212       1.00      1.00      1.00         2
         213       1.00      1.00      1.00         1
         214       0.19      0.25      0.21        12
         215       1.00      1.00      1.00         6
         217       0.88      0.81      0.85        37
         219       0.00      0.00      0.00         1
         223       0.91      1.00      0.95        21
         227       1.00      0.33      0.50         3
         229       1.00      1.00      1.00         6
         231       1.00      0.50      0.67         2
         236       0.00      0.00      0.00         1
         238       1.00      1.00      1.00         7
         239       1.00      0.50      0.67         2
         241       1.00      1.00      1.00         6
         242       0.94      0.94      0.94        17
         243       1.00      1.00      1.00         1
         246       1.00      1.00      1.00         1
         247       0.00      0.00      0.00         1
         248       0.00      0.00      0.00         1
         251       0.00      0.00      0.00         1
         257       1.00      1.00      1.00         1
         260       1.00      1.00      1.00         2
         262       1.00      1.00      1.00         1
         263       1.00      1.00      1.00         1
         266       0.92      1.00      0.96        12
         268       1.00      1.00      1.00         1
         269       1.00      1.00      1.00         3
         271       0.33      0.25      0.29         4
         272       0.96      1.00      0.98        26
         273       1.00      1.00      1.00         1
         274       1.00      1.00      1.00         1
         276       0.60      1.00      0.75         3
         278       0.92      1.00      0.96        11
         279       0.00      0.00      0.00         4
         280       0.98      0.95      0.96       111
         281       0.00      0.00      0.00         1
         282       1.00      1.00      1.00         2
         284       1.00      1.00      1.00         4
         286       1.00      1.00      1.00         1
         287       1.00      0.50      0.67         2
         289       1.00      1.00      1.00         8
         290       1.00      1.00      1.00         2
         294       1.00      1.00      1.00         1
         295       0.77      1.00      0.87        10
         296       0.00      0.00      0.00         1
         297       0.89      1.00      0.94         8
         298       0.00      0.00      0.00         6
         299       0.75      0.50      0.60         6
         300       0.00      0.00      0.00         1
         302       1.00      1.00      1.00         1
         303       0.00      0.00      0.00         0
         304       1.00      1.00      1.00         2
         305       0.00      0.00      0.00         2
         306       0.00      0.00      0.00         1
         310       0.00      0.00      0.00         2
         312       1.00      0.95      0.97        20
         315       0.96      0.99      0.97       155
         317       1.00      0.89      0.94        18
         318       1.00      0.50      0.67         2
         320       1.00      1.00      1.00         5
         321       1.00      1.00      1.00         2
         324       0.88      1.00      0.93         7
         325       0.00      0.00      0.00         1
         328       0.00      0.00      0.00         0
         330       0.00      0.00      0.00         1
         332       1.00      1.00      1.00         8
         334       1.00      1.00      1.00         1
         335       0.98      1.00      0.99        44
         336       0.76      0.82      0.79       290
         338       0.00      0.00      0.00         1
         342       0.00      0.00      0.00         1
         344       1.00      1.00      1.00         1
         349       0.89      0.89      0.89         9
         350       1.00      0.50      0.67         2

    accuracy                           0.93      4000
   macro avg       0.63      0.62      0.61      4000
weighted avg       0.92      0.93      0.93      4000
