              precision    recall  f1-score   support

           0     0.8373    0.7887    0.8123     20805
           1     0.7490    0.9394    0.8334     27410
           2     0.8501    0.8538    0.8520     16241
           3     0.7946    0.6737    0.7292      1229
           4     0.9552    0.3802    0.5439      4314
           5     0.7853    0.6552    0.7144      7988
           6     0.9847    0.7995    0.8825      9165

    accuracy                         0.8153     87152
   macro avg     0.8509    0.7272    0.7668     87152
weighted avg     0.8279    0.8153    0.8103     87152
