              precision    recall  f1-score   support

           0     0.9901    0.9972    0.9936     25980
           1     0.9976    0.9976    0.9976       423
           2     0.9970    0.9481    0.9719      1407
           3     0.9937    0.9345    0.9632       168
           4     1.0000    0.9753    0.9875      1094
           5     0.9179    0.9919    0.9535       124
           6     0.8324    0.7229    0.7738       433
           7     1.0000    1.0000    1.0000       337
           8     1.0000    0.0588    0.1111        34

    accuracy                         0.9887     30000
   macro avg     0.9699    0.8474    0.8614     30000
weighted avg     0.9885    0.9887    0.9880     30000
