              precision    recall  f1-score   support

           0     0.8857    0.9218    0.9034     25942
           1     1.0000    0.0076    0.0150       396
           2     0.0000    0.0000    0.0000      1451
           3     0.9925    0.7500    0.8544       176
           4     1.0000    0.0009    0.0018      1094
           5     0.9545    0.3889    0.5526       108
           6     0.1651    0.8736    0.2777       459
           7     0.9914    1.0000    0.9957       344
           8     0.0000    0.0000    0.0000        30

    accuracy                         0.8279     30000
   macro avg     0.6655    0.4381    0.4001     30000
weighted avg     0.8387    0.8279    0.8041     30000
