              precision    recall  f1-score   support

           0     0.9865    1.0000    0.9932      2930
           1     0.8000    0.5000    0.6154        24
           2     0.8421    0.3855    0.5289        83
           3     0.9967    0.9993    0.9980      4171
           4     0.9886    0.9953    0.9919      1484
           5     0.0000    0.0000    0.0000         3
           6     0.0000    0.0000    0.0000         5

    accuracy                         0.9907      8700
   macro avg     0.6591    0.5543    0.5896      8700
weighted avg     0.9889    0.9907    0.9889      8700
