              precision    recall  f1-score   support

           0     0.9832    1.0000    0.9915      2930
           1     0.7778    0.5833    0.6667        24
           2     0.5102    0.3012    0.3788        83
           3     0.9928    0.9938    0.9933      4171
           4     0.9980    0.9939    0.9959      1484
           5     0.0000    0.0000    0.0000         3
           6     0.0000    0.0000    0.0000         5

    accuracy                         0.9872      8700
   macro avg     0.6089    0.5532    0.5752      8700
weighted avg     0.9844    0.9872    0.9855      8700
