              precision    recall  f1-score   support

           0     0.8898    0.9980    0.9408     64181
           1     0.8995    0.8569    0.8777     54172
           2     0.5855    0.2610    0.3611      6111
           3     0.8372    0.3971    0.5387      2707
           4     0.1042    0.0550    0.0720       491
           5     0.9844    1.0000    0.9922       253
           6     0.3333    0.0116    0.0223       173
           7     0.5000    0.0286    0.0541        35
           8     0.0000    0.0000    0.0000         3
           9     0.0000    0.0000    0.0000         1

    accuracy                         0.8853    128127
   macro avg     0.5134    0.3608    0.3859    128127
weighted avg     0.8746    0.8853    0.8732    128127
