              precision    recall  f1-score   support

           0     0.9966    0.9949    0.9957     64122
           1     0.9913    0.9990    0.9951     54267
           2     0.9610    0.8910    0.9247      6030
           3     0.7717    0.9272    0.8423      2705
           4     1.0000    0.5287    0.6917       488
           5     0.9855    1.0000    0.9927       272
           6     1.0000    0.0049    0.0098       204
           7     0.0213    0.0294    0.0247        34
           8     1.0000    0.3333    0.5000         3
           9     0.0000    0.0000    0.0000         2

    accuracy                         0.9867    128127
   macro avg     0.7727    0.5708    0.5977    128127
weighted avg     0.9876    0.9867    0.9859    128127
