              precision    recall  f1-score   support

           0     0.8301    0.8810    0.8548     52563
           1     0.8927    0.8597    0.8759     71195
           2     0.8532    0.8697    0.8614      8923
           3     0.8825    0.7389    0.8043       701
           4     0.6766    0.5795    0.6243      2440
           5     0.7421    0.7109    0.7262      4286
           6     0.8816    0.8597    0.8705      5145

    accuracy                         0.8584    145253
   macro avg     0.8227    0.7856    0.8025    145253
weighted avg     0.8591    0.8584    0.8582    145253
