              precision    recall  f1-score   support

           0     0.9855    1.0000    0.9927      2930
           1     0.6250    0.2083    0.3125        24
           2     0.8333    0.2410    0.3738        83
           3     0.9898    0.9981    0.9939      4171
           4     0.9933    0.9966    0.9950      1484
           5     0.0000    0.0000    0.0000         3
           6     0.0000    0.0000    0.0000         5

    accuracy                         0.9882      8700
   macro avg     0.6324    0.4920    0.5240      8700
weighted avg     0.9855    0.9882    0.9850      8700
