              precision    recall  f1-score   support

           0     0.9826    0.9993    0.9909      2930
           1     1.0000    0.5417    0.7027        24
           2     0.9412    0.3855    0.5470        83
           3     0.9974    0.9993    0.9983      4171
           4     0.9900    0.9960    0.9929      1484
           5     0.0000    0.0000    0.0000         3
           6     0.0000    0.0000    0.0000         5

    accuracy                         0.9907      8700
   macro avg     0.7016    0.5603    0.6045      8700
weighted avg     0.9897    0.9907    0.9889      8700
