              precision    recall  f1-score   support

           0     0.9625    0.8304    0.8916     25942
           1     0.0357    0.0076    0.0125       396
           2     0.0000    0.0000    0.0000      1451
           3     0.1214    0.9261    0.2146       176
           4     0.2737    0.0978    0.1441      1094
           5     0.6012    0.9074    0.7232       108
           6     0.0970    0.8976    0.1751       459
           7     0.2495    1.0000    0.3993       344
           8     0.0000    0.0000    0.0000        30

    accuracy                         0.7556     30000
   macro avg     0.2601    0.5185    0.2845     30000
weighted avg     0.8500    0.7556    0.7875     30000
