              precision    recall  f1-score   support

           0     0.9931    0.9965    0.9948     64134
           1     0.9812    0.9985    0.9898     54229
           2     0.9012    0.8062    0.8511      6017
           3     0.7848    0.8242    0.8040      2725
           4     0.6970    0.0456    0.0857       504
           5     0.9896    0.9931    0.9913       288
           6     0.0000    0.0000    0.0000       196
           7     0.0000    0.0000    0.0000        31
           8     0.0000    0.0000    0.0000         2
           9     0.0000    0.0000    0.0000         1

    accuracy                         0.9792    128127
   macro avg     0.5347    0.4664    0.4717    128127
weighted avg     0.9764    0.9792    0.9765    128127
