              precision    recall  f1-score   support

           0     0.9932    0.9906    0.9919     25942
           1     0.9950    1.0000    0.9975       396
           2     0.9552    0.9986    0.9764      1451
           3     0.9922    0.7273    0.8393       176
           4     0.9982    0.9982    0.9982      1094
           5     0.9804    0.9259    0.9524       108
           6     0.7390    0.7712    0.7548       459
           7     0.8753    1.0000    0.9335       344
           8     0.9167    0.3667    0.5238        30

    accuracy                         0.9858     30000
   macro avg     0.9383    0.8643    0.8853     30000
weighted avg     0.9862    0.9858    0.9856     30000
