              precision    recall  f1-score   support

           0     0.6776    0.7230    0.6996     60481
           1     0.7726    0.7313    0.7514     72015
           2     0.8675    0.8229    0.8446      3359
           3     0.5436    0.7393    0.6265       211
           4     0.5955    0.3831    0.4663      1172
           5     0.7828    0.7341    0.7577      1497
           6     0.6000    0.6384    0.6186      6518

    accuracy                         0.7230    145253
   macro avg     0.6914    0.6817    0.6807    145253
weighted avg     0.7259    0.7230    0.7236    145253
