              precision    recall  f1-score   support

           0     0.7694    0.8303    0.7987     20805
           1     0.6613    0.9350    0.7747     27410
           2     0.7808    0.8019    0.7912     16241
           3     0.6726    0.6819    0.6772      1229
           4     0.9536    0.0429    0.0821      4314
           5     0.7285    0.1932    0.3054      7988
           6     0.9911    0.6175    0.7609      9165

    accuracy                         0.7361     87152
   macro avg     0.7939    0.5861    0.5986     87152
weighted avg     0.7649    0.7361    0.7034     87152
