              precision    recall  f1-score   support

           0     0.8502    0.8744    0.8621     52563
           1     0.8863    0.8847    0.8855     71195
           2     0.8582    0.8516    0.8549      8923
           3     0.8048    0.8060    0.8054       701
           4     0.8272    0.4393    0.5739      2440
           5     0.6961    0.7648    0.7288      4286
           6     0.9336    0.8284    0.8779      5145

    accuracy                         0.8655    145253
   macro avg     0.8366    0.7785    0.7984    145253
weighted avg     0.8662    0.8655    0.8646    145253
