              precision    recall  f1-score   support

           0     0.8649    0.8295    0.8468     52563
           1     0.8589    0.8998    0.8789     71195
           2     0.8630    0.8539    0.8584      8923
           3     0.8619    0.6947    0.7694       701
           4     0.6542    0.6070    0.6297      2440
           5     0.7318    0.6755    0.7025      4286
           6     0.9197    0.8303    0.8727      5145

    accuracy                         0.8565    145253
   macro avg     0.8221    0.7701    0.7940    145253
weighted avg     0.8563    0.8565    0.8559    145253
