              precision    recall  f1-score   support

           0     0.9949    0.9993    0.9971     64134
           1     0.9834    0.9989    0.9911     54229
           2     0.9204    0.7939    0.8525      6017
           3     0.8175    0.8448    0.8309      2725
           4     0.6291    0.3433    0.4442       504
           5     0.9897    1.0000    0.9948       288
           6     0.0816    0.0204    0.0327       196
           7     0.0000    0.0000    0.0000        31
           8     0.0000    0.0000    0.0000         2
           9     0.0000    0.0000    0.0000         1

    accuracy                         0.9819    128127
   macro avg     0.5417    0.5001    0.5143    128127
weighted avg     0.9796    0.9819    0.9803    128127
