              precision    recall  f1-score   support

           0     0.9869    1.0000    0.9934      2930
           1     0.6154    0.3333    0.4324        24
           2     0.8378    0.3735    0.5167        83
           3     0.9969    0.9990    0.9980      4171
           4     0.9847    0.9953    0.9899      1484
           5     0.0000    0.0000    0.0000         3
           6     0.0000    0.0000    0.0000         5

    accuracy                         0.9900      8700
   macro avg     0.6317    0.5287    0.5615      8700
weighted avg     0.9879    0.9900    0.9880      8700
