              precision    recall  f1-score   support

           0     0.9635    0.9978    0.9803     25980
           1     0.9953    1.0000    0.9976       423
           2     1.0000    0.3724    0.5427      1407
           3     1.0000    0.9881    0.9940       168
           4     1.0000    0.9954    0.9977      1094
           5     0.9318    0.9919    0.9609       124
           6     0.8884    0.8637    0.8759       433
           7     1.0000    1.0000    1.0000       337
           8     0.0000    0.0000    0.0000        34

    accuracy                         0.9653     30000
   macro avg     0.8643    0.8010    0.8166     30000
weighted avg     0.9653    0.9653    0.9583     30000
