              precision    recall  f1-score   support

           0     0.9931    1.0000    0.9965     64181
           1     0.9847    0.9999    0.9922     54172
           2     0.9197    0.8133    0.8632      6111
           3     0.8184    0.8293    0.8239      2707
           4     0.8710    0.0550    0.1034       491
           5     0.9877    0.9526    0.9698       253
           6     0.0000    0.0000    0.0000       173
           7     0.0154    0.0286    0.0200        35
           8     0.0000    0.0000    0.0000         3
           9     0.0000    0.0000    0.0000         1

    accuracy                         0.9821    128127
   macro avg     0.5590    0.4679    0.4769    128127
weighted avg     0.9802    0.9821    0.9796    128127
