              precision    recall  f1-score   support

           0     0.9908    0.9991    0.9949     64181
           1     0.8587    0.9978    0.9230     54172
           2     0.1889    0.0111    0.0210      6111
           3     0.3902    0.0059    0.0116      2707
           4     0.2857    0.0041    0.0080       491
           5     0.9375    0.1779    0.2990       253
           6     0.0000    0.0000    0.0000       173
           7     0.0000    0.0000    0.0000        35
           8     0.0000    0.0000    0.0000         3
           9     0.0000    0.0000    0.0000         1

    accuracy                         0.9233    128127
   macro avg     0.3652    0.2196    0.2258    128127
weighted avg     0.8795    0.9233    0.8905    128127
