              precision    recall  f1-score   support

           0     0.9914    0.9995    0.9954     64134
           1     0.9921    0.9987    0.9954     54229
           2     0.9246    0.8476    0.8844      6017
           3     0.7802    0.8455    0.8116      2725
           4     0.5758    0.2639    0.3619       504
           5     1.0000    0.3542    0.5231       288
           6     0.1538    0.0510    0.0766       196
           7     0.0000    0.0000    0.0000        31
           8     0.0000    0.0000    0.0000         2
           9     0.0000    0.0000    0.0000         1

    accuracy                         0.9827    128127
   macro avg     0.5418    0.4360    0.4648    128127
weighted avg     0.9809    0.9827    0.9811    128127
