              precision    recall  f1-score   support

           0     0.9931    1.0000    0.9965     64181
           1     0.9653    1.0000    0.9823     54172
           2     0.8703    0.6480    0.7429      6111
           3     0.8365    0.7806    0.8076      2707
           4     1.0000    0.0367    0.0707       491
           5     0.9844    1.0000    0.9922       253
           6     0.0000    0.0000    0.0000       173
           7     0.0345    0.0286    0.0312        35
           8     0.0000    0.0000    0.0000         3
           9     0.0000    0.0000    0.0000         1

    accuracy                         0.9732    128127
   macro avg     0.5684    0.4494    0.4623    128127
weighted avg     0.9706    0.9732    0.9692    128127
