              precision    recall  f1-score   support

           0     0.9339    0.9482    0.9410     25942
           1     0.2722    1.0000    0.4279       396
           2     0.0000    0.0000    0.0000      1451
           3     1.0000    0.0114    0.0225       176
           4     0.0000    0.0000    0.0000      1094
           5     0.9583    0.6389    0.7667       108
           6     0.2579    0.9020    0.4012       459
           7     0.7212    1.0000    0.8380       344
           8     0.4694    0.7667    0.5823        30

    accuracy                         0.8615     30000
   macro avg     0.5125    0.5852    0.4422     30000
weighted avg     0.8331    0.8615    0.8386     30000
