              precision    recall  f1-score   support

           0     0.9835    0.9997    0.9915      2930
           1     1.0000    0.2083    0.3448        24
           2     0.8636    0.2289    0.3619        83
           3     0.9905    0.9988    0.9946      4171
           4     0.9926    0.9960    0.9943      1484
           5     0.0000    0.0000    0.0000         3
           6     0.0000    0.0000    0.0000         5

    accuracy                         0.9882      8700
   macro avg     0.6900    0.4902    0.5267      8700
weighted avg     0.9864    0.9882    0.9848      8700
