              precision    recall  f1-score   support

           0     0.9105    0.9974    0.9519     25980
           1     0.5000    0.0024    0.0047       423
           2     0.9886    0.3703    0.5388      1407
           3     1.0000    1.0000    1.0000       168
           4     0.7143    0.0046    0.0091      1094
           5     0.9685    0.9919    0.9801       124
           6     0.8468    0.7275    0.7826       433
           7     1.0000    1.0000    1.0000       337
           8     0.0000    0.0000    0.0000        34

    accuracy                         0.9127     30000
   macro avg     0.7698    0.5660    0.5852     30000
weighted avg     0.9010    0.9127    0.8822     30000
