              precision    recall  f1-score   support

           0     0.7433    0.8341    0.7861     20805
           1     0.6892    0.9423    0.7961     27410
           2     0.8402    0.7567    0.7963     16241
           3     0.7476    0.6412    0.6903      1229
           4     0.9797    0.1229    0.2183      4314
           5     0.6687    0.4452    0.5345      7988
           6     0.9962    0.5205    0.6837      9165

    accuracy                         0.7472     87152
   macro avg     0.8093    0.6090    0.6436     87152
weighted avg     0.7759    0.7472    0.7279     87152
