              precision    recall  f1-score   support

           0     0.9949    0.9870    0.9909     25942
           1     0.9975    1.0000    0.9987       396
           2     0.9561    0.9910    0.9733      1451
           3     0.9551    0.4830    0.6415       176
           4     0.9263    0.9991    0.9613      1094
           5     1.0000    0.5185    0.6829       108
           6     0.6791    0.9129    0.7788       459
           7     0.9477    1.0000    0.9731       344
           8     0.4643    0.8667    0.6047        30

    accuracy                         0.9821     30000
   macro avg     0.8801    0.8620    0.8450     30000
weighted avg     0.9844    0.9821    0.9821     30000
