              precision    recall  f1-score   support

           0     0.6065    0.8389    0.7040     60481
           1     0.8287    0.5706    0.6758     72015
           2     0.8261    0.8869    0.8554      3359
           3     0.7320    0.8673    0.7939       211
           4     0.6656    0.3549    0.4630      1172
           5     0.7763    0.7141    0.7439      1497
           6     0.6474    0.6105    0.6284      6518

    accuracy                         0.6916    145253
   macro avg     0.7261    0.6919    0.6949    145253
weighted avg     0.7260    0.6916    0.6887    145253
