              precision    recall  f1-score   support

           0     0.9252    0.9542    0.9395     25980
           1     1.0000    0.0047    0.0094       423
           2     0.0000    0.0000    0.0000      1407
           3     0.6019    0.7560    0.6702       168
           4     1.0000    0.9963    0.9982      1094
           5     0.4200    0.3387    0.3750       124
           6     0.2110    0.7021    0.3244       433
           7     0.9258    1.0000    0.9615       337
           8     0.0000    0.0000    0.0000        34

    accuracy                         0.8897     30000
   macro avg     0.5649    0.5280    0.4754     30000
weighted avg     0.8704    0.8897    0.8709     30000
