              precision    recall  f1-score   support

           0     0.9980    0.9998    0.9989     12042
           1     0.9286    0.9286    0.9286        14
           2     1.0000    0.3929    0.5641        28
           3     0.9970    0.9992    0.9981      1314
           4     0.9991    0.9964    0.9977      1098
           5     0.0000    0.0000    0.0000         1
           6     0.0000    0.0000    0.0000         3

    accuracy                         0.9979     14500
   macro avg     0.7032    0.6167    0.6411     14500
weighted avg     0.9977    0.9979    0.9975     14500
