              precision    recall  f1-score   support

           0     0.9130    0.9933    0.9515     25980
           1     0.8701    0.9976    0.9295       423
           2     0.0000    0.0000    0.0000      1407
           3     1.0000    0.9464    0.9725       168
           4     0.9901    0.1837    0.3099      1094
           5     0.9254    1.0000    0.9612       124
           6     0.7383    0.6582    0.6960       433
           7     1.0000    1.0000    1.0000       337
           8     1.0000    0.8824    0.9375        34

    accuracy                         0.9122     30000
   macro avg     0.8263    0.7402    0.7509     30000
weighted avg     0.8715    0.9122    0.8802     30000
