              precision    recall  f1-score   support

           0     0.9104    0.9941    0.9504     25980
           1     0.5000    0.0047    0.0094       423
           2     0.8876    0.3760    0.5282      1407
           3     1.0000    1.0000    1.0000       168
           4     1.0000    0.0046    0.0091      1094
           5     1.0000    0.9919    0.9960       124
           6     0.7904    0.7229    0.7551       433
           7     1.0000    1.0000    1.0000       337
           8     0.0000    0.0000    0.0000        34

    accuracy                         0.9102     30000
   macro avg     0.7876    0.5660    0.5831     30000
weighted avg     0.9059    0.9102    0.8801     30000
