              precision    recall  f1-score   support

           0     0.8970    0.9876    0.9401     25980
           1     0.0000    0.0000    0.0000       423
           2     0.0000    0.0000    0.0000      1407
           3     0.9048    0.4524    0.6032       168
           4     0.9843    0.1143    0.2048      1094
           5     0.6919    0.9597    0.8041       124
           6     0.7688    0.8522    0.8083       433
           7     0.8160    1.0000    0.8987       337
           8     0.2627    0.9118    0.4079        34

    accuracy                         0.8905     30000
   macro avg     0.5917    0.5864    0.5186     30000
weighted avg     0.8412    0.8905    0.8505     30000
