              precision    recall  f1-score   support

           0     0.9692    0.8536    0.9077     25942
           1     1.0000    0.0076    0.0150       396
           2     0.9912    0.3901    0.5598      1451
           3     1.0000    0.0057    0.0113       176
           4     0.0000    0.0000    0.0000      1094
           5     0.9630    0.2407    0.3852       108
           6     0.0790    0.9499    0.1459       459
           7     0.3546    1.0000    0.5236       344
           8     0.4127    0.8667    0.5591        30

    accuracy                         0.7848     30000
   macro avg     0.6411    0.4794    0.3453     30000
weighted avg     0.9143    0.7848    0.8224     30000
