              precision    recall  f1-score   support

           0     0.9928    0.9896    0.9912     25980
           1     0.9953    1.0000    0.9976       423
           2     0.9571    0.9986    0.9774      1407
           3     0.9819    0.9702    0.9760       168
           4     0.9971    0.9388    0.9670      1094
           5     0.9370    0.9597    0.9482       124
           6     0.6152    0.7460    0.6743       433
           7     1.0000    1.0000    1.0000       337
           8     1.0000    0.7647    0.8667        34

    accuracy                         0.9844     30000
   macro avg     0.9418    0.9297    0.9332     30000
weighted avg     0.9856    0.9844    0.9849     30000
