              precision    recall  f1-score   support

           0     0.8864    0.9775    0.9297     25980
           1     0.0000    0.0000    0.0000       423
           2     0.0000    0.0000    0.0000      1407
           3     0.1917    0.1369    0.1597       168
           4     0.0000    0.0000    0.0000      1094
           5     0.5747    0.4032    0.4739       124
           6     0.3300    0.6143    0.4294       433
           7     1.0000    1.0000    1.0000       337
           8     0.0000    0.0000    0.0000        34

    accuracy                         0.8691     30000
   macro avg     0.3314    0.3480    0.3325     30000
weighted avg     0.7871    0.8691    0.8254     30000
