              precision    recall  f1-score   support

           0     0.9370    0.9543    0.9456     25957
           1     0.4000    0.0050    0.0100       397
           2     0.9976    0.2889    0.4480      1447
           3     0.9939    0.9061    0.9480       181
           4     0.9972    1.0000    0.9986      1052
           5     0.0000    0.0000    0.0000       123
           6     0.3060    0.8390    0.4485       472
           7     0.5490    1.0000    0.7088       342
           8     0.0000    0.0000    0.0000        29

    accuracy                         0.9049     30000
   macro avg     0.5756    0.5548    0.5008     30000
weighted avg     0.9162    0.9049    0.8958     30000
