              precision    recall  f1-score   support

           0     0.8926    0.9767    0.9327     25980
           1     0.0000    0.0000    0.0000       423
           2     0.0000    0.0000    0.0000      1407
           3     0.9938    0.9524    0.9726       168
           4     0.2778    0.0046    0.0090      1094
           5     0.9516    0.9516    0.9516       124
           6     0.7058    0.7644    0.7339       433
           7     0.9912    1.0000    0.9956       337
           8     0.0000    0.0000    0.0000        34

    accuracy                         0.8775     30000
   macro avg     0.5347    0.5166    0.5106     30000
weighted avg     0.8139    0.8775    0.8392     30000
