              precision    recall  f1-score   support

           0     0.9969    0.8609    0.9239     25942
           1     1.0000    0.0076    0.0150       396
           2     0.7550    0.9876    0.8558      1451
           3     0.4792    0.9148    0.6289       176
           4     0.0000    0.0000    0.0000      1094
           5     0.1813    0.9537    0.3047       108
           6     0.1410    0.8998    0.2437       459
           7     0.2862    1.0000    0.4450       344
           8     0.0819    0.8000    0.1486        30

    accuracy                         0.8272     30000
   macro avg     0.4357    0.7138    0.3962     30000
weighted avg     0.9207    0.8272    0.8543     30000
