              precision    recall  f1-score   support

           0     0.9268    0.9389    0.9328     25942
           1     1.0000    0.0076    0.0150       396
           2     0.0000    0.0000    0.0000      1451
           3     0.7828    0.9830    0.8715       176
           4     0.9982    0.9982    0.9982      1094
           5     0.9818    0.5000    0.6626       108
           6     0.2060    0.8802    0.3339       459
           7     0.9913    0.9971    0.9942       344
           8     0.6000    0.8000    0.6857        30

    accuracy                         0.8817     30000
   macro avg     0.7208    0.6783    0.6104     30000
weighted avg     0.8743    0.8817    0.8679     30000
