              precision    recall  f1-score   support

           0     0.8833    0.9270    0.9046     25977
           1     0.0000    0.0000    0.0000       394
           2     0.0000    0.0000    0.0000      1428
           3     1.0000    0.0055    0.0109       183
           4     0.0000    0.0000    0.0000      1108
           5     1.0000    0.2366    0.3826        93
           6     0.1825    0.8592    0.3011       483
           7     0.9564    1.0000    0.9777       307
           8     0.0000    0.0000    0.0000        27

    accuracy                         0.8275     30000
   macro avg     0.4469    0.3365    0.2863     30000
weighted avg     0.7868    0.8275    0.7994     30000
