              precision    recall  f1-score   support

           0     0.9708    0.8811    0.9238     25957
           1     0.0870    0.0050    0.0095       397
           2     0.9246    0.8556    0.8887      1447
           3     0.7134    0.6188    0.6627       181
           4     0.7861    0.9819    0.8732      1052
           5     0.5864    0.9106    0.7134       123
           6     0.1437    0.8517    0.2459       472
           7     0.5552    1.0000    0.7140       342
           8     0.0000    0.0000    0.0000        29

    accuracy                         0.8704     30000
   macro avg     0.5297    0.6783    0.5590     30000
weighted avg     0.9286    0.8704    0.8918     30000
