              precision    recall  f1-score   support

           0     0.7584    0.8300    0.7926     20805
           1     0.6532    0.9404    0.7709     27410
           2     0.7978    0.7595    0.7782     16241
           3     0.6726    0.7038    0.6879      1229
           4     0.9568    0.0359    0.0693      4314
           5     0.7269    0.2466    0.3683      7988
           6     0.9940    0.5750    0.7286      9165

    accuracy                         0.7302     87152
   macro avg     0.7942    0.5845    0.5994     87152
weighted avg     0.7632    0.7302    0.7002     87152
